1000 24 11
938 0 903 787 385 812 196 533 798 584 517 319 469 387 809 241 427 419 249 514 352 158 492 610
-1 522 -1 -1 565 -1 1 -1 -1 -1 612 -1 876 -1 344 -1 -1 293 -1 559 -1 -1 933 767
456 431 -1 405 -1 379 -1 532 -1 664 486 366 -1 -1 -1 707 -1 880 49 2 339 -1 930 20
-1 -1 -1 439 -1 -1 -1 -1 -1 -1 403 -1 -1 -1 -1 -1 3 -1 383 -1 -1 -1 -1 -1
420 996 552 698 805 75 889 732 927 280 280 739 813 117 4 547 252 563 138 635 215 926 408 140
6 553 95 686 747 929 952 619 856 256 207 934 393 907 39 638 908 602 253 668 795 723 626 138
497 617 6 275 901 -1 156 -1 -1 388 500 -1 790 407 198 440 565 684 174 595 526 915 -1 96
-1 578 -1 -1 -1 -1 -1 -1 -1 -1 677 7 -1 137 -1 149 371 39 -1 -1 -1 826 960 -1
111 438 895 616 56 450 361 925 190 495 973 374 885 741 202 33 919 9 215 454 22 2 716 298
-1 -1 9 -1 -1 844 389 950 489 -1 594 -1 -1 111 -1 -1 166 -1 -1 599 -1 8 -1 -1
895 789 -1 -1 -1 -1 51 -1 833 -1 10 -1 -1 908 -1 -1 -1 -1 -1 -1 -1 -1 1 -1
-1 -1 -1 333 437 -1 -1 -1 265 -1 68 955 -1 68 -1 184 -1 -1 11 -1 -1 839 -1 -1
-1 -1 -1 35 -1 -1 -1 -1 -1 -1 -1 -1 234 156 -1 -1 -1 12 -1 -1 -1 -1 -1 -1
-1 755 13 360 -1 668 -1 701 284 358 -1 559 -1 838 302 107 928 715 355 148 125 783 220 -1
-1 -1 -1 675 230 179 -1 -1 411 14 491 75 -1 -1 62 -1 -1 222 214 115 609 -1 -1 945
247 740 45 659 540 749 -1 72 828 287 15 683 888 813 -1 868 757 36 676 -1 805 150 51 140
-1 -1 -1 -1 641 -1 -1 16 -1 -1 -1 -1 -1 -1 256 -1 -1 -1 744 -1 -1 -1 -1 -1
233 250 726 565 751 623 991 679 802 640 721 436 466 630 455 94 718 655 205 527 73 211 315 398
18 321 896 143 -1 109 722 139 951 711 478 959 362 910 174 386 593 391 605 834 -1 322 635 444
376 887 203 124 -1 381 -1 -1 788 -1 538 736 758 -1 -1 -1 148 950 -1 -1 168 19 180 716
718 500 631 -1 650 316 282 32 -1 725 965 33 577 447 273 341 392 27 343 695 20 396 -1 744
-1 -1 -1 -1 975 -1 91 -1 -1 78 986 -1 -1 -1 21 131 -1 618 -1 -1 -1 -1 -1 -1
181 18 207 519 -1 503 -1 468 915 518 741 582 300 868 -1 528 -1 -1 22 267 652 -1 -1 489
-1 -1 -1 -1 -1 -1 -1 -1 -1 -1 614 -1 -1 -1 -1 -1 -1 -1 -1 -1 -1 408 23 -1
-1 -1 -1 -1 -1 -1 761 338 -1 388 -1 24 975 -1 850 -1 734 669 -1 365 502 321 542 845
619 206 25 415 671 243 438 539 -1 994 923 674 546 74 -1 -1 504 651 -1 -1 710 941 135 480
-1 520 -1 -1 26 -1 -1 -1 -1 -1 -1 -1 -1 -1 -1 -1 -1 -1 -1 -1 -1 -1 -1 -1
876 923 164 494 103 620 -1 960 914 -1 131 -1 345 585 832 -1 27 -1 77 129 424 612 920 593
-1 -1 -1 -1 -1 -1 -1 554 -1 28 -1 -1 296 -1 -1 -1 -1 -1 -1 1 -1 -1 -1 -1
-1 862 839 309 -1 278 29 -1 60 381 128 4 354 -1 -1 -1 -1 -1 -1 372 -1 909 -1 -1
-1 -1 221 194 -1 953 196 796 -1 823 990 677 262 322 70 30 809 507 524 602 -1 -1 695 442
-1 -1 -1 -1 -1 -1 -1 -1 589 -1 -1 -1 -1 -1 -1 -1 -1 31 928 -1 -1 -1 -1 -1
976 951 270 849 -1 567 32 664 487 159 62 121 584 -1 768 468 393 281 206 166 944 494 591 220
-1 -1 891 -1 -1 63 810 33 -1 -1 -1 98 504 -1 -1 531 -1 -1 -1 -1 -1 514 -1 -1
85 -1 -1 34 -1 -1 -1 -1 -1 -1 -1 -1 -1 -1 -1 -1 -1 -1 -1 -1 -1 -1 -1 -1
35 298 586 819 -1 375 140 668 642 525 6 494 322 680 779 276 879 16 481 154 617 791 -1 -1
395 244 215 475 427 4 53 63 710 967 431 417 910 36 202 95 532 -1 902 384 947 182 425 201
262 -1 114 -1 -1 327 478 179 225 846 -1 -1 80 -1 -1 278 -1 175 78 10 37 -1 961 -1
-1 -1 -1 -1 465 -1 -1 -1 864 -1 291 -1 -1 -1 -1 -1 370 117 74 -1 -1 38 -1 -1
362 686 667 560 458 29 952 973 710 766 917 14 289 18 -1 29 368 39 968 276 729 308 745 121
-1 -1 466 -1 -1 -1 740 -1 20 -1 -1 591 263 -1 -1 -1 -1 -1 912 40 -1 -1 746 -1
-1 -1 -1 -1 -1 996 51 -1 315 239 41 -1 -1 -1 168 -1 -1 508 -1 -1 -1 -1 597 -1
365 42 -1 455 -1 -1 -1 -1 -1 -1 772 588 -1 150 -1 -1 706 -1 -1 125 -1 -1 -1 -1
783 443 756 43 467 579 679 -1 403 688 121 280 533 359 422 -1 -1 455 -1 393 408 -1 854 84
635 44 27 368 33 669 42 773 478 111 171 447 243 667 32 712 196 714 235 91 432 442 974 344
45 -1 -1 -1 -1 -1 -1 -1 -1 -1 -1 -1 -1 -1 -1 -1 -1 -1 -1 -1 -1 -1 -1 -1
547 -1 -1 208 -1 927 708 -1 663 425 465 -1 -1 -1 493 46 -1 61 -1 950 727 -1 -1 402
875 711 -1 750 -1 47 511 874 433 802 -1 525 949 606 232 607 141 -1 649 887 -1 -1 423 426
316 48 -1 -1 -1 -1 141 313 -1 -1 -1 -1 312 -1 -1 803 832 -1 370 848 -1 954 644 -1
744 718 765 155 652 92 760 724 49 126 232 973 649 665 602 -1 525 299 -1 326 -1 732 632 363
320 539 374 -1 501 889 533 -1 -1 397 357 50 -1 857 -1 819 998 -1 -1 -1 46 398 -1 -1
421 426 699 973 885 -1 -1 -1 -1 -1 740 -1 -1 51 -1 -1 -1 20 -1 284 197 677 -1 492
52 979 730 -1 627 -1 4 -1 716 669 217 -1 212 162 950 714 130 776 769 786 817 447 247 -1
-1 53 -1 93 118 -1 108 182 789 14 877 -1 988 116 293 252 934 774 762 105 -1 947 951 232
390 54 665 139 498 284 846 728 566 654 202 -1 676 467 122 270 700 -1 296 791 547 651 -1 154
253 399 76 55 184 621 988 142 803 426 205 282 885 518 172 870 857 849 646 673 912 219 323 961
-1 673 549 -1 -1 216 138 56 985 945 729 186 282 -1 717 646 -1 144 399 -1 197 -1 255 -1
465 473 466 949 126 655 556 136 892 990 570 57 326 997 237 840 511 319 142 306 487 164 642 872
-1 703 -1 -1 461 -1 -1 -1 -1 -1 -1 534 -1 -1 -1 -1 -1 58 785 -1 -1 235 682 -1
694 43 613 125 741 861 941 59 60 133 560 90 977 526 -1 975 392 523 975 493 81 986 356 470
-1 -1 218 -1 60 -1 713 325 922 -1 -1 -1 528 -1 454 48 -1 -1 -1 735 -1 789 910 144
-1 -1 -1 -1 -1 -1 -1 -1 730 -1 61 -1 280 162 -1 -1 341 144 -1 -1 -1 962 -1 -1
-1 -1 -1 -1 -1 -1 -1 -1 -1 -1 -1 -1 -1 -1 -1 -1 -1 -1 -1 62 -1 -1 -1 -1
435 480 856 480 294 37 -1 218 956 706 142 -1 386 999 -1 518 974 121 53 591 341 63 628 395
-1 478 -1 -1 -1 64 -1 -1 -1 -1 -1 -1 -1 -1 -1 737 -1 518 -1 295 -1 -1 -1 317
-1 -1 -1 -1 -1 -1 670 -1 -1 -1 65 -1 -1 340 941 -1 -1 -1 -1 -1 317 -1 -1 -1
852 -1 629 881 -1 -1 -1 -1 667 -1 -1 -1 -1 -1 -1 -1 99 775 892 -1 -1 -1 -1 66
67 -1 316 647 309 -1 92 -1 275 322 715 -1 -1 88 348 6 -1 678 879 881 924 483 736 835
223 535 475 554 745 364 314 160 853 68 767 326 742 104 235 795 945 685 234 669 677 629 39 -1
553 54 971 682 891 -1 849 705 99 69 249 84 859 73 678 943 576 358 216 997 989 335 943 281
414 -1 -1 315 93 86 418 164 0 71 658 310 117 399 555 884 725 70 279 735 734 264 260 26
-1 -1 570 -1 -1 71 -1 -1 -1 -1 -1 -1 -1 34 -1 -1 -1 -1 -1 -1 -1 -1 -1 595
-1 -1 502 787 242 93 288 -1 72 636 -1 -1 -1 301 548 520 -1 -1 766 -1 -1 807 -1 -1
168 896 480 315 255 365 268 501 713 -1 73 -1 705 677 614 706 -1 767 483 53 660 818 679 230
-1 909 -1 -1 -1 -1 -1 971 -1 74 -1 -1 -1 -1 -1 81 -1 -1 -1 -1 -1 -1 -1 -1
-1 -1 -1 572 -1 -1 -1 -1 452 419 -1 -1 846 -1 157 -1 997 -1 555 -1 -1 -1 75 -1
76 440 527 169 562 920 199 395 116 266 581 325 200 600 894 690 6 708 -1 553 369 947 246 296
-1 -1 -1 -1 -1 -1 844 -1 -1 -1 -1 -1 -1 -1 -1 733 -1 -1 298 77 -1 -1 -1 -1
338 811 428 753 524 985 120 313 232 68 605 218 320 188 995 106 696 582 790 130 788 271 458 121
-1 875 -1 -1 -1 415 15 859 186 494 614 -1 6 -1 393 83 -1 -1 434 782 -1 167 79 52
726 -1 580 968 -1 -1 -1 -1 -1 257 626 160 -1 -1 550 251 386 -1 80 767 292 426 649 758
-1 -1 -1 10 -1 -1 -1 238 -1 932 -1 -1 118 -1 136 -1 81 -1 -1 225 -1 -1 -1 -1
826 236 897 861 803 216 633 474 65 518 654 150 204 532 672 181 119 974 499 806 757 409 608 663
-1 -1 -1 -1 -1 -1 -1 -1 83 -1 -1 -1 -1 -1 -1 -1 -1 -1 -1 -1 -1 -1 -1 257
634 631 148 -1 113 518 469 139 867 -1 435 843 472 84 453 291 -1 449 854 328 74 964 731 907
948 -1 520 389 -1 993 -1 520 85 366 -1 -1 -1 -1 -1 -1 -1 235 -1 405 -1 -1 -1 185
-1 403 -1 659 9 -1 -1 -1 -1 -1 86 -1 -1 122 -1 -1 -1 -1 -1 -1 -1 -1 -1 -1
-1 -1 -1 -1 -1 -1 -1 -1 -1 -1 -1 87 -1 -1 -1 -1 -1 -1 -1 -1 -1 -1 -1 -1
-1 -1 -1 123 -1 -1 -1 848 955 526 -1 88 141 726 -1 104 664 56 501 762 527 -1 -1 494
-1 -1 -1 -1 -1 -1 -1 -1 -1 -1 -1 -1 -1 -1 89 -1 -1 -1 -1 -1 -1 -1 -1 -1
-1 350 785 -1 419 516 959 -1 728 485 159 90 786 503 616 330 323 818 -1 -1 547 241 361 902
722 773 864 502 91 97 833 209 803 114 316 312 159 302 23 512 809 255 77 712 389 53 837 151
430 -1 741 135 771 714 669 100 866 215 809 16 686 317 631 827 684 241 720 799 184 92 827 386
-1 -1 -1 -1 -1 -1 -1 187 93 -1 -1 -1 -1 -1 -1 -1 890 -1 -1 -1 -1 -1 -1 -1
-1 94 907 450 508 830 -1 932 31 681 -1 491 467 -1 -1 994 916 132 496 -1 38 -1 657 -1
-1 -1 -1 -1 -1 -1 95 -1 525 -1 -1 -1 379 805 -1 -1 -1 -1 -1 -1 -1 -1 -1 866
571 269 -1 72 -1 -1 -1 -1 -1 -1 -1 -1 818 -1 -1 -1 923 -1 889 -1 96 53 -1 131
-1 -1 -1 -1 -1 -1 -1 -1 -1 243 -1 684 -1 -1 -1 -1 -1 75 315 97 -1 -1 -1 110
903 -1 -1 247 987 292 98 6 750 474 161 -1 234 928 699 -1 525 226 28 -1 587 -1 208 729
99 681 -1 -1 -1 967 -1 -1 -1 -1 -1 -1 271 -1 876 -1 -1 70 -1 -1 -1 -1 -1 -1
-1 -1 -1 -1 -1 -1 151 850 -1 276 -1 -1 -1 -1 -1 -1 -1 -1 -1 100 -1 -1 -1 -1
-1 -1 -1 -1 -1 498 101 -1 -1 -1 -1 -1 -1 -1 -1 -1 -1 569 -1 -1 -1 -1 -1 -1
273 643 480 204 485 462 -1 908 780 370 -1 -1 249 447 199 -1 102 -1 671 80 964 557 970 480
-1 -1 103 -1 121 -1 -1 -1 -1 -1 -1 -1 -1 -1 -1 -1 -1 -1 -1 -1 298 151 -1 -1
94 42 280 221 447 -1 504 634 911 571 700 104 626 91 258 311 787 742 879 104 423 759 871 112
159 14 105 -1 528 -1 -1 -1 -1 46 541 741 -1 -1 -1 -1 -1 425 -1 -1 -1 -1 148 332
571 957 872 698 140 844 170 446 807 264 720 390 372 860 516 634 222 229 388 900 180 124 106 808
-1 922 -1 -1 -1 -1 -1 -1 107 -1 -1 -1 -1 -1 -1 -1 -1 -1 -1 -1 -1 -1 -1 -1
409 862 19 736 -1 83 914 310 370 181 11 389 921 853 2 108 598 88 -1 651 272 278 680 649
42 -1 -1 298 109 381 320 -1 300 802 892 114 189 -1 996 243 945 353 -1 424 -1 483 633 727
149 252 821 771 -1 966 526 413 884 722 110 940 630 -1 -1 194 631 687 771 313 134 592 770 -1
775 157 369 815 375 41 661 706 282 45 645 57 297 252 835 109 462 544 479 102 146 847 278 731
395 -1 -1 -1 -1 -1 73 -1 -1 967 -1 509 -1 423 -1 -1 442 -1 -1 112 -1 503 -1 -1
-1 591 -1 -1 198 911 -1 -1 640 -1 168 -1 615 353 -1 -1 113 -1 524 290 -1 514 -1 -1
114 595 533 742 963 449 -1 -1 -1 256 670 871 -1 -1 114 378 -1 130 -1 781 422 367 125 886
418 -1 115 528 163 880 444 486 952 819 191 232 -1 675 -1 -1 -1 972 -1 975 67 837 925 952
922 791 427 -1 375 -1 416 995 900 125 62 664 -1 160 8 849 116 -1 -1 -1 -1 -1 -1 -1
-1 -1 303 37 -1 -1 478 -1 -1 546 -1 329 693 946 969 117 4 -1 -1 726 -1 -1 898 -1
-1 -1 -1 -1 -1 118 -1 -1 -1 -1 -1 -1 -1 -1 495 -1 -1 -1 -1 -1 -1 -1 -1 -1
573 313 24 596 618 596 663 37 600 812 -1 -1 784 872 362 434 470 116 119 841 -1 894 439 951
-1 -1 -1 824 607 373 846 86 852 -1 -1 -1 -1 -1 120 844 -1 537 -1 908 731 -1 133 -1
493 785 762 33 360 -1 654 666 99 76 473 -1 440 -1 647 95 457 525 743 638 407 309 124 121
586 -1 -1 -1 -1 990 -1 -1 -1 -1 -1 -1 -1 -1 858 -1 -1 -1 122 -1 -1 277 -1 -1
-1 -1 -1 -1 -1 -1 -1 -1 -1 123 -1 -1 -1 -1 -1 -1 -1 -1 34 -1 -1 -1 -1 -1
124 -1 576 90 -1 -1 -1 -1 -1 -1 -1 469 657 -1 -1 376 -1 -1 -1 239 -1 751 -1 -1
859 -1 984 -1 493 -1 386 -1 208 -1 -1 576 -1 221 83 402 663 871 -1 125 -1 713 185 -1
479 -1 981 723 -1 -1 76 591 -1 836 -1 658 821 -1 771 908 -1 -1 929 126 786 256 539 716
-1 490 -1 -1 127 -1 -1 -1 -1 -1 854 -1 921 893 -1 -1 358 -1 -1 874 -1 944 -1 -1
-1 -1 -1 -1 -1 -1 -1 -1 -1 -1 -1 586 -1 -1 -1 867 -1 -1 945 -1 -1 128 -1 -1
628 675 -1 -1 -1 129 218 -1 573 -1 -1 624 -1 -1 -1 234 -1 280 -1 -1 237 707 -1 -1
143 -1 348 309 -1 783 -1 291 -1 347 -1 425 -1 130 797 995 464 99 372 966 -1 931 629 874
-1 308 -1 996 97 -1 779 -1 78 915 -1 -1 -1 131 131 593 622 -1 392 250 -1 -1 953 -1
-1 403 473 -1 501 224 791 23 125 115 232 148 -1 748 104 868 480 238 -1 762 960 -1 132 -1
370 408 989 -1 386 -1 -1 -1 458 -1 8 -1 15 537 928 138 232 317 875 133 563 365 -1 297
243 845 936 893 937 248 796 980 465 166 136 293 173 961 987 522 151 448 590 577 871 772 832 306
-1 -1 -1 -1 -1 -1 -1 -1 -1 -1 135 -1 -1 -1 -1 -1 838 -1 671 -1 71 -1 -1 -1
-1 -1 -1 -1 675 998 136 343 396 -1 179 470 88 -1 392 408 348 -1 -1 683 -1 -1 785 990
-1 -1 690 -1 -1 826 -1 -1 834 488 809 220 414 169 764 293 377 826 116 137 679 770 -1 -1
-1 -1 -1 -1 545 934 -1 -1 283 89 799 271 -1 753 -1 -1 -1 -1 37 -1 -1 -1 -1 138
139 609 931 53 596 803 376 723 258 991 979 57 252 604 430 447 698 222 19 133 414 696 148 585
140 277 886 37 328 792 979 354 532 862 415 226 264 6 -1 -1 958 -1 793 -1 -1 28 383 979
642 141 699 225 -1 150 823 381 796 199 935 875 558 679 172 984 -1 108 594 171 349 -1 981 192
94 -1 -1 926 -1 622 -1 -1 -1 824 592 -1 889 -1 -1 -1 957 142 -1 539 -1 -1 -1 688
143 731 -1 -1 -1 -1 505 780 -1 297 271 -1 -1 -1 936 982 -1 -1 -1 -1 940 -1 -1 171
641 -1 -1 779 -1 -1 -1 924 446 144 -1 -1 -1 605 -1 -1 299 578 -1 -1 547 -1 924 503
-1 474 -1 34 -1 -1 145 -1 -1 -1 -1 -1 -1 -1 -1 -1 138 -1 -1 -1 -1 -1 -1 -1
-1 -1 -1 -1 -1 -1 -1 -1 -1 -1 -1 -1 -1 -1 -1 -1 -1 -1 -1 146 -1 -1 -1 -1
-1 -1 -1 -1 -1 -1 -1 530 -1 -1 -1 -1 -1 -1 -1 -1 147 -1 -1 2 470 -1 -1 -1
-1 -1 -1 -1 -1 -1 -1 855 -1 -1 -1 -1 -1 -1 -1 -1 -1 148 -1 -1 549 -1 -1 -1
911 794 783 478 131 103 969 894 852 834 199 3 489 268 881 746 227 70 735 294 636 292 457 145
150 -1 753 794 212 588 105 637 413 945 576 -1 998 917 737 468 11 0 285 -1 424 538 367 583
247 836 -1 744 527 906 29 960 -1 -1 533 -1 865 -1 -1 6 283 -1 595 151 396 -1 -1 764
-1 -1 957 -1 -1 310 -1 -1 973 -1 -1 -1 152 698 -1 104 149 -1 453 -1 -1 -1 804 -1
-1 801 63 -1 -1 -1 -1 862 -1 661 153 479 -1 642 863 -1 -1 422 39 364 815 922 -1 -1
-1 -1 -1 -1 275 154 -1 -1 -1 250 190 -1 -1 -1 -1 820 -1 -1 512 149 904 -1 768 -1
540 -1 941 153 973 872 751 414 -1 182 42 -1 247 524 977 772 868 155 389 241 587 888 -1 370
-1 -1 -1 897 726 -1 -1 359 -1 -1 -1 -1 -1 -1 -1 -1 -1 -1 -1 -1 -1 156 151 47
-1 -1 -1 988 749 273 147 -1 -1 380 653 -1 305 -1 -1 -1 -1 326 821 -1 947 580 157 -1
609 79 357 228 459 557 301 965 158 670 -1 330 346 750 46 50 -1 475 214 -1 250 949 -1 731
-1 45 -1 246 284 -1 -1 -1 159 -1 334 44 -1 -1 -1 -1 -1 670 -1 965 109 -1 -1 -1
465 362 62 47 160 11 872 43 623 -1 610 888 284 852 453 754 98 66 243 22 92 405 464 828
627 301 597 385 368 881 391 393 875 204 691 242 398 546 715 509 18 634 84 830 180 292 161 291
535 344 -1 639 600 -1 678 162 480 461 -1 890 199 35 287 968 -1 766 448 466 -1 644 290 720
284 206 -1 293 771 942 316 631 974 756 -1 432 189 585 43 -1 251 163 933 780 502 334 269 386
-1 -1 -1 -1 -1 -1 -1 -1 -1 -1 164 164 -1 -1 61 -1 -1 205 -1 -1 407 -1 148 -1
506 409 827 196 811 -1 656 -1 -1 -1 165 -1 -1 181 93 415 617 840 -1 -1 181 875 718 606
476 721 627 9 471 442 406 564 454 655 486 61 673 491 905 73 501 166 443 205 965 805 788 251
183 948 593 969 377 406 437 186 731 83 728 253 218 180 516 840 226 707 949 515 721 559 167 696
-1 -1 -1 -1 -1 -1 -1 -1 -1 -1 -1 -1 -1 -1 -1 168 -1 -1 -1 -1 -1 -1 -1 -1
93 -1 26 -1 -1 908 830 593 169 -1 -1 394 646 333 -1 601 740 -1 -1 586 918 -1 -1 -1
356 -1 197 -1 498 411 833 824 -1 -1 641 409 493 295 -1 88 170 984 525 491 -1 -1 -1 219
555 673 403 -1 810 680 -1 171 274 -1 162 356 563 394 -1 707 381 -1 693 992 158 582 38 314
172 -1 -1 850 37 -1 -1 594 -1 -1 934 -1 -1 -1 -1 -1 -1 -1 -1 -1 -1 -1 596 -1
-1 879 831 -1 -1 997 -1 -1 722 -1 -1 -1 -1 -1 -1 -1 -1 -1 561 719 -1 352 -1 173
423 -1 -1 696 596 -1 668 513 262 -1 174 -1 809 368 224 625 -1 -1 -1 676 -1 623 161 922
554 814 -1 542 422 -1 922 -1 35 175 -1 -1 843 -1 729 -1 -1 795 -1 487 -1 539 509 35
-1 -1 -1 -1 -1 -1 765 -1 -1 -1 -1 -1 -1 466 -1 176 -1 -1 75 -1 -1 -1 -1 -1
-1 -1 -1 -1 782 -1 -1 761 233 594 -1 847 405 -1 374 -1 -1 -1 -1 -1 175 -1 177 -1
-1 -1 -1 -1 81 -1 -1 -1 -1 681 -1 -1 -1 -1 -1 -1 -1 243 178 -1 -1 -1 -1 -1
586 167 862 917 247 352 934 552 -1 464 344 699 802 -1 -1 600 827 967 955 985 179 879 147 703
180 -1 -1 -1 -1 -1 -1 -1 -1 -1 -1 -1 -1 -1 -1 -1 -1 -1 -1 213 -1 -1 -1 -1
-1 -1 -1 -1 -1 -1 -1 -1 -1 -1 -1 -1 -1 -1 -1 181 -1 -1 -1 -1 -1 -1 -1 387
-1 57 182 -1 214 -1 -1 895 348 31 769 -1 832 -1 -1 199 -1 362 54 -1 16 303 -1 593
858 -1 -1 -1 183 -1 856 409 -1 -1 -1 -1 -1 -1 -1 -1 -1 -1 -1 -1 -1 408 -1 -1
679 934 -1 91 472 207 128 862 178 560 511 922 -1 960 -1 184 456 465 340 280 4 148 172 670
-1 -1 -1 519 -1 -1 185 -1 919 279 -1 -1 591 -1 -1 -1 -1 -1 -1 252 -1 -1 61 520
-1 293 417 89 670 -1 839 -1 371 691 234 -1 312 347 369 949 -1 -1 -1 186 -1 -1 -1 -1
422 866 319 47 398 551 538 7 187 698 736 212 841 952 976 702 150 354 834 456 -1 594 627 902
298 -1 703 -1 530 956 -1 378 168 832 -1 32 188 -1 55 -1 181 765 9 231 151 556 792 271
969 604 319 213 347 -1 589 -1 142 943 383 730 86 118 -1 358 298 189 -1 5 104 981 467 599
-1 -1 -1 52 243 -1 -1 -1 -1 -1 -1 336 424 -1 -1 -1 -1 -1 190 -1 -1 -1 573 -1
-1 99 600 960 827 497 708 623 -1 928 697 -1 988 291 442 -1 450 -1 191 -1 850 134 -1 447
898 -1 637 911 192 -1 -1 344 388 -1 -1 883 495 819 -1 -1 -1 16 479 973 774 -1 665 698
-1 -1 -1 -1 -1 -1 -1 -1 -1 -1 -1 -1 -1 -1 -1 304 193 -1 41 609 709 -1 -1 -1
39 267 -1 438 650 200 246 358 363 347 697 875 511 194 398 144 147 642 312 326 212 918 678 287
-1 568 -1 -1 731 195 739 620 325 248 916 11 27 -1 123 633 574 -1 302 66 506 755 807 524
151 -1 196 531 -1 810 -1 -1 -1 880 -1 -1 -1 831 -1 -1 312 -1 -1 572 -1 506 -1 109
689 55 135 865 852 859 80 -1 395 564 -1 173 101 460 197 475 849 631 801 699 913 -1 538 150
816 361 198 -1 747 408 624 145 426 248 202 673 430 -1 533 -1 192 229 -1 552 -1 560 78 637
-1 235 -1 -1 -1 -1 -1 -1 -1 -1 -1 -1 464 -1 -1 -1 -1 -1 -1 314 -1 -1 142 199
-1 -1 -1 200 -1 618 -1 -1 -1 -1 -1 -1 -1 -1 -1 -1 -1 -1 867 -1 -1 -1 766 442
293 308 201 867 -1 -1 -1 189 -1 -1 -1 -1 -1 -1 642 -1 509 -1 -1 -1 -1 693 -1 -1
-1 -1 -1 202 354 -1 -1 -1 -1 -1 -1 872 -1 -1 -1 -1 -1 -1 -1 -1 -1 -1 -1 -1
-1 70 -1 325 -1 274 -1 776 374 203 -1 978 925 243 744 -1 180 443 -1 811 82 569 842 342
847 -1 196 113 260 601 -1 614 833 -1 717 199 -1 214 418 64 -1 -1 384 873 698 204 -1 -1
882 -1 -1 -1 679 205 637 456 429 -1 239 -1 334 -1 566 -1 98 -1 550 562 186 229 117 494
-1 -1 398 -1 15 -1 -1 -1 -1 -1 -1 -1 -1 -1 -1 -1 -1 -1 206 -1 -1 -1 -1 927
434 710 -1 555 154 -1 -1 -1 433 442 -1 590 470 729 14 614 -1 450 -1 -1 101 438 207 71
-1 -1 463 -1 953 547 176 -1 703 -1 -1 -1 -1 -1 193 -1 394 -1 -1 65 683 -1 208 655
-1 980 432 823 791 -1 -1 829 488 -1 591 534 -1 360 565 -1 -1 209 903 442 528 -1 624 -1
542 225 411 942 229 326 -1 191 748 594 -1 92 543 215 612 210 97 327 481 434 582 500 723 369
706 111 485 478 137 863 350 862 879 156 211 942 83 -1 385 860 497 683 505 373 808 33 788 13
-1 -1 -1 -1 -1 -1 -1 -1 -1 -1 -1 -1 212 -1 -1 -1 -1 -1 -1 -1 -1 -1 -1 -1
827 656 791 366 585 839 594 959 377 924 831 687 38 115 867 513 142 468 748 864 888 879 976 219
676 -1 400 -1 -1 -1 878 592 674 823 -1 14 -1 -1 -1 296 580 -1 628 214 354 248 405 -1
446 -1 818 641 844 455 619 318 691 614 105 46 99 968 13 243 429 800 474 -1 215 -1 479 968
329 405 -1 384 699 427 -1 412 476 777 216 -1 945 918 -1 725 -1 789 445 51 178 636 202 788
-1 -1 -1 800 -1 835 -1 -1 -1 -1 -1 -1 -1 -1 217 -1 -1 -1 -1 -1 -1 -1 -1 -1
952 218 892 743 -1 148 513 538 60 -1 643 972 776 400 864 652 516 893 591 -1 415 -1 -1 -1
-1 487 219 581 -1 -1 170 -1 -1 736 -1 859 853 -1 622 -1 -1 -1 -1 869 244 694 578 -1
-1 -1 -1 220 264 253 -1 62 76 128 364 739 -1 733 -1 636 8 -1 521 287 411 842 -1 -1
405 887 156 942 30 820 680 574 221 -1 491 965 507 966 118 175 988 935 597 -1 -1 909 -1 361
253 82 514 2 966 391 489 260 326 -1 638 822 978 118 -1 189 -1 67 222 189 564 542 964 -1
-1 484 60 -1 198 179 -1 539 -1 -1 571 -1 767 732 780 223 123 617 46 499 421 220 471 979
-1 -1 -1 630 -1 -1 -1 -1 -1 -1 -1 -1 -1 -1 -1 -1 -1 -1 -1 -1 -1 -1 224 -1
896 -1 -1 -1 -1 918 -1 818 -1 -1 -1 -1 773 -1 -1 -1 -1 225 721 -1 -1 552 -1 967
-1 -1 -1 -1 -1 -1 226 -1 -1 -1 -1 -1 -1 -1 -1 -1 -1 -1 -1 -1 -1 -1 -1 -1
129 376 207 957 -1 825 -1 115 483 -1 851 709 672 497 768 773 441 65 227 -1 992 -1 463 589
117 893 -1 228 346 12 -1 296 430 303 232 76 -1 -1 17 33 760 362 985 481 -1 147 276 -1
-1 -1 -1 -1 -1 -1 -1 -1 -1 941 -1 552 401 614 -1 -1 -1 246 229 -1 852 -1 626 -1
398 -1 965 971 591 512 -1 -1 896 230 406 -1 681 931 -1 -1 -1 740 -1 261 655 640 393 -1
-1 242 714 -1 451 120 414 104 -1 135 -1 -1 -1 309 -1 -1 385 612 390 -1 231 -1 -1 -1
-1 -1 -1 700 -1 -1 -1 -1 -1 -1 -1 -1 232 -1 -1 -1 -1 -1 -1 -1 -1 -1 -1 -1
-1 -1 695 465 -1 747 -1 424 516 709 539 217 914 938 -1 -1 -1 542 -1 -1 -1 662 -1 233
-1 -1 234 46 572 -1 -1 -1 -1 -1 -1 -1 -1 -1 -1 -1 -1 -1 -1 -1 -1 -1 -1 -1
-1 633 517 -1 478 183 192 240 110 492 557 483 503 326 923 71 737 90 -1 235 567 -1 459 610
-1 -1 375 -1 236 -1 -1 -1 657 -1 620 443 -1 898 648 -1 738 -1 -1 -1 856 -1 271 -1
-1 -1 -1 927 887 -1 272 -1 -1 -1 4 71 -1 237 809 582 680 -1 -1 -1 -1 -1 63 925
-1 -1 -1 -1 238 -1 74 -1 -1 -1 -1 -1 290 -1 -1 -1 220 -1 -1 -1 -1 -1 -1 -1
500 440 239 762 17 -1 463 -1 -1 100 377 335 899 711 -1 991 -1 347 774 465 35 -1 470 313
-1 521 240 -1 -1 -1 -1 583 -1 -1 -1 -1 -1 -1 -1 -1 425 -1 -1 -1 128 -1 -1 -1
519 -1 273 -1 -1 -1 904 -1 -1 743 489 -1 -1 884 241 -1 63 -1 402 -1 -1 -1 148 -1
483 242 -1 298 640 625 130 345 754 -1 877 -1 879 241 334 329 186 989 93 571 152 695 416 47
-1 861 822 -1 -1 -1 -1 -1 -1 -1 311 -1 -1 -1 -1 556 243 696 770 963 790 -1 -1 -1
360 62 348 663 454 187 144 -1 244 515 431 244 478 861 977 386 788 171 916 -1 652 619 973 693
14 431 -1 351 747 976 737 179 180 289 45 -1 -1 447 123 940 408 445 -1 245 242 625 615 463
-1 -1 -1 246 -1 215 -1 -1 -1 -1 -1 -1 -1 -1 -1 -1 -1 -1 -1 -1 -1 -1 -1 -1
-1 -1 -1 -1 247 -1 -1 -1 -1 731 -1 -1 -1 -1 -1 -1 -1 -1 687 -1 58 -1 399 -1
749 558 334 385 542 -1 248 -1 -1 507 -1 549 359 -1 -1 619 631 416 142 -1 738 87 411 -1
-1 249 -1 -1 -1 -1 -1 751 723 -1 977 -1 -1 -1 459 165 -1 534 489 -1 -1 -1 -1 504
-1 -1 273 134 -1 -1 -1 -1 -1 -1 -1 8 -1 684 -1 250 647 -1 -1 401 -1 763 793 -1
-1 251 -1 -1 -1 -1 -1 -1 -1 -1 -1 -1 -1 -1 83 -1 -1 -1 -1 -1 -1 -1 -1 -1
592 387 68 117 714 570 220 126 178 399 622 105 778 180 252 124 600 289 41 66 609 723 611 378
173 -1 -1 -1 433 219 253 -1 253 900 790 -1 344 288 585 845 266 -1 372 -1 313 400 705 386
-1 243 -1 150 -1 -1 -1 -1 -1 -1 -1 631 735 -1 809 672 -1 -1 -1 254 -1 -1 414 -1
-1 -1 -1 -1 -1 -1 -1 255 -1 -1 -1 -1 -1 -1 -1 385 -1 -1 -1 -1 -1 -1 -1 -1
-1 597 250 460 256 755 555 961 520 -1 525 75 -1 -1 21 -1 -1 -1 104 179 345 909 -1 866
-1 -1 -1 129 -1 -1 608 722 290 508 976 -1 201 916 -1 279 950 257 751 -1 -1 -1 -1 -1
-1 89 578 -1 -1 -1 452 -1 -1 448 -1 -1 303 561 127 -1 639 -1 407 258 529 684 -1 660
254 -1 -1 201 261 733 -1 -1 410 918 416 983 -1 259 -1 -1 -1 869 371 -1 697 278 -1 -1
-1 -1 -1 -1 558 -1 336 -1 215 -1 -1 839 -1 -1 -1 260 -1 831 -1 -1 -1 -1 -1 -1
-1 -1 812 -1 843 -1 -1 -1 -1 -1 34 -1 -1 -1 -1 261 -1 -1 -1 -1 -1 -1 329 -1
262 -1 450 407 -1 907 -1 479 -1 -1 -1 289 -1 -1 -1 -1 814 -1 -1 -1 -1 940 -1 -1
799 -1 903 -1 378 607 889 694 -1 614 177 135 -1 263 309 -1 7 527 218 659 247 763 229 -1
423 425 -1 741 523 264 -1 398 -1 913 -1 211 338 235 -1 -1 -1 705 606 -1 -1 -1 -1 946
500 459 579 517 890 660 825 580 254 210 215 82 34 266 430 167 97 177 942 999 710 383 512 265
546 352 279 336 341 270 705 919 704 760 656 245 266 -1 702 381 291 -1 -1 50 -1 407 968 6
-1 -1 -1 -1 -1 -1 -1 -1 -1 -1 -1 -1 -1 -1 -1 -1 -1 -1 -1 -1 -1 267 -1 -1
-1 268 450 -1 351 691 903 288 851 224 -1 -1 731 921 802 -1 405 72 704 687 473 59 12 728
-1 -1 -1 -1 208 -1 -1 -1 -1 -1 -1 -1 -1 146 5 32 -1 -1 790 -1 269 -1 713 -1
590 782 -1 429 152 114 441 853 354 -1 -1 -1 -1 144 -1 270 308 133 -1 -1 -1 -1 -1 -1
340 365 33 564 733 271 756 -1 709 249 112 811 477 14 630 -1 57 57 801 760 321 660 -1 378
-1 890 263 272 -1 318 590 -1 16 441 750 -1 406 45 -1 545 655 -1 834 -1 -1 -1 31 628
242 884 488 967 441 310 828 644 348 598 926 10 336 18 226 516 447 690 508 395 240 962 110 728
776 928 409 225 697 100 477 289 274 598 195 746 893 952 -1 190 105 924 143 176 -1 813 642 499
802 771 -1 636 30 275 903 283 529 964 776 753 -1 -1 -1 435 -1 493 796 676 -1 576 -1 869
398 385 763 747 2 216 272 959 335 627 125 -1 -1 228 929 -1 787 276 345 531 18 428 -1 486
-1 565 -1 -1 70 -1 -1 -1 -1 -1 -1 886 -1 -1 -1 -1 -1 -1 -1 277 -1 -1 730 -1
-1 246 761 69 868 324 210 -1 56 864 -1 813 648 -1 278 -1 -1 -1 638 -1 61 597 597 -1
125 -1 279 347 -1 -1 43 -1 -1 -1 -1 -1 -1 336 -1 456 584 425 -1 -1 810 -1 805 109
510 815 691 -1 459 -1 -1 726 578 911 502 280 -1 771 -1 910 -1 527 692 236 -1 327 655 989
140 -1 331 -1 446 -1 -1 -1 920 604 175 668 969 622 -1 224 851 785 281 509 -1 29 535 -1
691 875 820 779 -1 -1 -1 943 135 -1 282 583 -1 -1 18 964 -1 -1 -1 41 -1 168 353 -1
121 254 232 -1 955 667 944 719 402 283 334 299 798 371 -1 827 146 609 181 910 -1 -1 47 781
-1 -1 -1 -1 -1 -1 -1 -1 -1 -1 -1 -1 -1 -1 -1 -1 -1 284 -1 -1 -1 -1 -1 -1
-1 -1 310 -1 -1 -1 348 -1 -1 -1 659 -1 -1 -1 -1 -1 -1 285 -1 -1 340 -1 -1 -1
-1 -1 -1 238 -1 739 -1 -1 -1 -1 432 914 538 -1 286 -1 639 -1 -1 790 -1 332 -1 621
-1 287 -1 -1 -1 -1 -1 -1 -1 -1 -1 -1 -1 -1 -1 -1 -1 -1 -1 656 -1 869 -1 -1
916 245 986 792 -1 569 799 84 -1 525 843 789 209 288 431 976 318 559 88 487 111 -1 595 16
-1 -1 -1 -1 -1 -1 -1 -1 -1 -1 -1 289 -1 -1 -1 -1 -1 -1 -1 -1 211 -1 -1 -1
-1 916 197 145 427 -1 -1 -1 290 636 7 693 -1 703 714 -1 754 44 -1 -1 114 -1 823 994
491 460 277 920 877 753 -1 301 339 483 -1 653 751 -1 518 255 767 291 812 -1 -1 324 315 459
-1 -1 737 618 878 241 -1 719 491 907 155 781 292 214 -1 559 515 983 378 -1 107 944 961 644
-1 859 815 -1 -1 -1 306 293 -1 260 -1 -1 45 -1 -1 -1 -1 -1 14 733 814 -1 768 -1
-1 460 971 -1 980 -1 -1 298 -1 -1 -1 833 657 400 540 -1 -1 23 294 -1 -1 -1 -1 -1
-1 623 37 431 48 429 -1 295 -1 939 797 -1 198 847 -1 251 52 697 572 155 335 701 670 684
296 445 -1 -1 -1 -1 611 370 327 322 120 -1 -1 -1 535 -1 43 480 222 298 248 -1 167 -1
-1 -1 -1 461 996 297 212 92 -1 -1 -1 -1 -1 955 -1 322 -1 -1 -1 -1 624 -1 -1 -1
780 -1 175 -1 -1 298 -1 151 -1 -1 -1 -1 -1 -1 2 581 -1 -1 767 -1 -1 -1 -1 28
318 -1 966 -1 -1 -1 852 360 673 -1 665 -1 -1 299 262 625 -1 85 -1 -1 -1 329 -1 -1
586 -1 619 409 181 860 483 511 723 -1 495 539 248 73 300 -1 961 -1 316 -1 224 30 613 296
314 -1 768 398 -1 735 428 475 575 489 491 212 664 367 258 898 -1 405 -1 148 206 301 -1 0
-1 125 -1 -1 -1 -1 -1 -1 -1 -1 -1 -1 -1 -1 -1 -1 -1 -1 -1 -1 -1 -1 -1 302
-1 735 -1 303 -1 -1 223 314 984 543 268 298 -1 -1 -1 389 -1 -1 -1 -1 90 685 -1 -1
304 286 414 627 -1 576 371 465 -1 368 438 615 261 404 227 860 760 365 712 895 423 386 88 177
305 -1 577 53 -1 376 233 -1 -1 -1 -1 -1 -1 145 837 581 -1 -1 953 52 -1 533 96 905
360 993 484 563 665 425 707 475 515 756 351 280 529 89 805 168 745 909 63 311 88 989 874 422
-1 782 557 134 110 33 555 461 892 420 309 284 984 -1 -1 19 -1 -1 17 -1 -1 652 507 307
-1 308 497 874 355 -1 215 845 -1 461 -1 -1 803 -1 299 -1 -1 -1 -1 -1 225 -1 146 -1
-1 -1 -1 -1 -1 -1 223 -1 494 -1 640 309 -1 -1 -1 -1 -1 -1 -1 -1 -1 -1 -1 -1
-1 -1 -1 -1 -1 -1 -1 -1 -1 -1 -1 -1 129 -1 -1 -1 -1 239 -1 -1 729 310 -1 -1
772 430 446 456 952 270 -1 -1 843 67 792 346 653 282 466 104 905 311 319 170 482 700 853 930
243 792 -1 274 213 -1 312 -1 295 -1 -1 -1 -1 702 -1 102 140 117 3 -1 -1 509 -1 -1
-1 -1 -1 -1 -1 -1 82 513 417 -1 -1 -1 -1 -1 -1 -1 -1 -1 -1 313 -1 725 -1 820
346 -1 -1 314 -1 402 -1 -1 -1 787 -1 -1 -1 355 355 652 -1 313 -1 59 -1 -1 311 4
588 96 -1 944 42 259 315 -1 -1 -1 -1 -1 922 -1 -1 912 -1 -1 -1 604 -1 -1 530 -1
-1 -1 -1 -1 -1 -1 -1 -1 -1 -1 -1 515 -1 -1 -1 -1 -1 -1 138 316 578 -1 -1 -1
476 869 205 729 252 845 932 317 204 -1 -1 963 -1 652 550 90 694 -1 725 795 805 381 291 731
-1 151 43 671 -1 38 387 -1 598 -1 -1 423 449 318 462 848 951 619 -1 -1 354 -1 -1 -1
319 592 -1 -1 875 201 -1 -1 -1 546 -1 -1 -1 -1 -1 708 -1 692 -1 553 -1 -1 405 150
-1 -1 -1 -1 496 320 -1 -1 -1 524 362 918 -1 -1 87 425 -1 984 -1 663 475 -1 200 -1
485 695 317 -1 608 72 757 441 606 463 -1 338 -1 -1 456 -1 -1 102 12 -1 -1 -1 -1 321
887 900 989 367 210 60 803 20 60 413 465 78 955 484 346 180 553 356 48 724 640 962 322 857
-1 336 295 -1 38 131 35 309 143 346 -1 631 -1 868 646 192 -1 303 -1 -1 -1 860 323 879
-1 554 -1 -1 -1 -1 948 105 633 838 594 324 -1 943 -1 565 -1 -1 -1 -1 -1 -1 -1 -1
194 325 933 653 -1 6 -1 -1 -1 -1 985 -1 -1 324 680 -1 288 540 -1 -1 298 847 -1 656
685 -1 377 -1 -1 -1 -1 -1 -1 -1 -1 -1 -1 -1 -1 274 845 -1 -1 -1 -1 326 -1 -1
-1 -1 -1 241 -1 -1 -1 -1 -1 8 -1 945 327 -1 -1 -1 -1 -1 -1 81 -1 -1 -1 -1
248 955 478 -1 85 111 -1 -1 908 615 213 353 -1 572 328 -1 539 -1 -1 759 551 -1 109 905
596 335 605 178 395 329 -1 272 141 397 118 959 353 571 792 752 514 889 87 693 356 688 559 -1
-1 -1 -1 -1 -1 958 306 273 330 -1 -1 -1 -1 -1 -1 -1 -1 -1 -1 -1 -1 -1 -1 -1
-1 109 -1 331 -1 -1 -1 -1 392 -1 -1 -1 -1 -1 -1 37 -1 -1 -1 -1 902 -1 -1 804
-1 -1 -1 -1 -1 -1 -1 -1 -1 -1 -1 427 -1 -1 -1 -1 -1 -1 -1 -1 332 -1 -1 -1
-1 400 695 -1 -1 -1 -1 -1 -1 126 -1 881 136 930 642 877 333 -1 -1 -1 -1 890 -1 31
915 400 -1 577 145 -1 964 -1 213 471 541 537 -1 910 14 164 334 -1 -1 315 339 -1 -1 720
335 758 890 846 -1 377 137 430 158 655 789 989 698 574 903 895 353 267 330 352 -1 650 62 408
-1 -1 -1 -1 -1 -1 -1 -1 -1 -1 -1 273 -1 -1 -1 -1 -1 -1 -1 -1 336 -1 -1 -1
998 319 679 657 910 441 -1 170 508 982 751 290 84 418 347 64 -1 664 859 492 337 384 -1 283
-1 -1 -1 -1 -1 -1 485 -1 -1 -1 -1 -1 -1 -1 -1 -1 -1 -1 -1 174 338 -1 -1 -1
369 833 484 130 965 524 899 911 339 159 918 787 469 932 938 322 188 735 64 678 561 698 934 681
-1 87 -1 -1 -1 170 393 236 -1 701 -1 -1 -1 -1 -1 -1 888 219 340 531 -1 -1 -1 -1
284 -1 679 183 -1 -1 670 604 -1 367 192 750 959 767 433 250 373 749 140 279 347 169 341 131
85 943 418 882 767 391 441 -1 907 508 124 865 381 832 619 16 468 351 531 376 698 342 569 836
977 745 -1 705 404 935 339 178 233 -1 522 97 183 361 850 711 343 -1 966 348 74 884 82 -1
429 251 428 864 -1 453 114 418 -1 655 228 344 354 196 -1 456 426 503 334 666 877 732 456 576
-1 512 18 181 746 -1 -1 942 345 -1 218 785 986 654 -1 873 -1 366 620 -1 385 389 -1 -1
270 -1 850 561 -1 -1 -1 503 -1 828 -1 599 747 -1 846 592 -1 515 984 346 227 242 -1 922
-1 -1 -1 -1 -1 94 627 -1 -1 919 -1 -1 -1 -1 -1 985 227 -1 382 352 -1 347 -1 -1
-1 596 505 -1 -1 596 -1 -1 -1 -1 91 920 -1 -1 -1 -1 -1 -1 -1 -1 348 383 547 330
802 -1 -1 33 349 790 284 766 776 493 663 148 -1 626 180 354 749 447 292 996 594 -1 224 612
-1 315 148 224 188 -1 -1 350 -1 -1 35 -1 783 745 291 348 327 904 948 104 -1 -1 932 260
-1 -1 -1 -1 351 -1 -1 -1 -1 -1 -1 -1 950 -1 -1 -1 -1 -1 -1 -1 -1 -1 -1 -1
642 -1 -1 -1 423 -1 -1 -1 -1 -1 -1 -1 -1 -1 757 -1 352 -1 409 -1 -1 -1 -1 -1
-1 -1 823 -1 -1 -1 -1 -1 -1 -1 -1 20 -1 -1 -1 -1 -1 -1 -1 -1 -1 -1 -1 353
445 -1 489 427 928 -1 91 377 902 250 454 100 961 354 151 560 284 529 971 617 775 368 183 655
-1 -1 856 -1 669 -1 -1 355 -1 465 -1 -1 502 619 -1 832 -1 -1 644 431 563 237 220 -1
424 460 623 -1 945 736 463 320 -1 32 926 941 360 596 609 639 924 672 473 445 448 356 205 346
986 -1 321 340 -1 373 521 -1 357 -1 250 -1 -1 -1 560 -1 -1 861 -1 616 372 577 -1 820
481 520 -1 -1 543 194 331 92 254 95 688 690 236 108 126 579 461 863 814 425 398 800 -1 358
970 581 539 489 360 356 223 428 968 368 187 820 35 466 359 -1 468 463 293 680 52 345 -1 33
262 183 360 739 -1 -1 499 -1 486 329 -1 850 -1 649 847 -1 -1 -1 -1 -1 -1 -1 697 -1
-1 -1 -1 -1 -1 -1 -1 -1 -1 -1 361 -1 -1 -1 -1 -1 -1 -1 -1 -1 -1 -1 -1 -1
-1 84 -1 189 630 532 589 -1 261 -1 -1 150 362 -1 -1 381 835 -1 -1 -1 959 572 632 -1
-1 -1 -1 -1 -1 989 -1 -1 363 -1 -1 -1 -1 -1 -1 -1 -1 -1 -1 -1 851 -1 -1 -1
-1 -1 951 -1 -1 -1 121 67 364 -1 -1 -1 -1 -1 -1 -1 -1 721 -1 364 62 -1 -1 172
240 498 777 432 673 221 426 -1 308 818 317 -1 164 676 537 948 365 -1 378 692 -1 701 863 133
-1 -1 855 -1 688 968 -1 201 -1 548 766 366 -1 -1 -1 -1 561 314 -1 799 528 161 -1 -1
355 225 621 552 357 237 58 533 586 367 136 242 -1 78 -1 771 -1 155 920 -1 345 -1 991 -1
45 775 50 278 549 -1 -1 -1 401 937 -1 129 456 825 368 857 63 121 -1 -1 319 719 452 -1
627 -1 402 506 338 595 664 933 582 569 273 842 280 581 354 797 216 910 -1 -1 558 119 408 369
911 646 854 230 537 841 329 33 885 51 702 370 84 12 95 53 864 -1 667 638 26 424 381 116
193 924 511 851 71 133 473 965 819 997 618 912 511 727 371 749 231 362 307 155 -1 851 701 848
-1 -1 622 -1 -1 -1 -1 -1 -1 -1 -1 -1 -1 -1 372 -1 607 -1 -1 -1 -1 -1 -1 -1
-1 -1 -1 -1 -1 -1 -1 -1 -1 -1 -1 -1 -1 -1 -1 -1 -1 -1 -1 -1 -1 -1 -1 373
950 881 813 528 -1 439 470 574 116 -1 175 750 971 843 617 374 51 708 75 777 523 -1 335 644
-1 -1 -1 397 -1 575 843 944 221 375 -1 245 -1 -1 91 -1 -1 -1 30 -1 -1 20 708 -1
228 900 244 354 749 67 651 430 401 129 692 930 79 603 7 849 549 889 555 11 17 201 964 80
-1 -1 -1 126 308 -1 -1 860 -1 504 -1 377 -1 299 -1 -1 -1 -1 -1 -1 -1 85 -1 -1
378 -1 -1 -1 -1 -1 -1 -1 -1 -1 -1 103 -1 811 -1 -1 -1 -1 -1 -1 -1 -1 -1 -1
680 818 927 938 760 -1 121 379 389 276 470 636 940 990 796 241 794 722 735 303 621 702 627 219
-1 -1 -1 -1 143 546 836 -1 935 305 425 861 954 722 117 -1 -1 550 -1 916 926 -1 488 380
329 240 839 836 526 953 417 390 865 512 590 -1 464 485 605 985 480 645 856 810 381 -1 59 954
382 -1 921 17 95 -1 207 559 -1 -1 -1 -1 -1 872 -1 914 -1 -1 -1 -1 465 -1 -1 -1
214 634 460 438 589 -1 -1 461 -1 -1 -1 706 -1 -1 322 720 727 -1 -1 -1 -1 215 383 741
299 44 674 264 90 122 162 994 353 887 876 713 276 688 12 58 99 260 357 564 797 281 36 873
265 -1 -1 905 -1 318 332 -1 385 400 896 85 -1 817 841 -1 875 767 916 -1 -1 -1 737 876
262 386 -1 10 -1 -1 830 675 -1 428 -1 816 517 -1 -1 -1 -1 344 -1 -1 -1 167 203 -1
972 862 324 904 110 489 551 423 306 340 -1 338 990 616 370 198 952 322 270 185 -1 836 387 -1
-1 -1 -1 -1 189 -1 -1 -1 -1 -1 -1 7 -1 -1 242 134 -1 388 -1 -1 -1 27 -1 551
-1 -1 156 760 -1 -1 389 -1 -1 563 -1 956 199 840 -1 474 -1 -1 610 -1 -1 -1 -1 -1
314 219 766 90 -1 534 661 133 921 599 646 870 390 280 321 772 943 831 980 338 -1 733 495 703
784 817 -1 -1 75 391 -1 914 992 459 68 -1 -1 949 -1 -1 -1 -1 907 -1 -1 18 -1 336
392 256 833 307 128 645 561 -1 515 79 736 393 421 565 751 854 722 892 737 478 -1 -1 252 814
751 225 -1 104 -1 -1 -1 -1 -1 -1 -1 409 -1 -1 -1 -1 -1 -1 393 -1 737 -1 -1 -1
330 315 394 930 -1 398 476 40 -1 414 -1 -1 -1 386 964 328 241 532 976 416 542 -1 238 468
-1 -1 69 -1 603 -1 -1 -1 -1 -1 -1 -1 -1 -1 191 395 -1 -1 196 -1 -1 -1 -1 -1
-1 -1 977 -1 779 -1 704 478 788 -1 662 -1 182 -1 -1 855 813 396 512 49 -1 112 -1 -1
31 614 380 947 5 217 74 872 955 761 444 339 570 363 349 635 705 977 990 161 804 326 742 325
-1 -1 212 -1 -1 -1 -1 354 -1 -1 -1 -1 -1 -1 251 -1 -1 -1 -1 -1 398 -1 664 -1
-1 556 -1 -1 -1 -1 -1 -1 399 28 -1 -1 -1 -1 -1 -1 615 -1 -1 -1 -1 -1 -1 -1
200 -1 613 896 61 601 861 -1 637 278 127 569 400 266 76 722 -1 -1 863 -1 704 497 839 124
75 401 842 898 241 115 344 45 836 727 186 72 871 958 926 672 358 448 331 79 281 790 468 635
-1 -1 642 444 382 127 85 649 912 -1 409 773 571 -1 535 245 -1 -1 402 64 195 114 230 -1
524 502 744 261 -1 -1 -1 -1 403 -1 321 -1 642 382 -1 103 -1 546 -1 -1 -1 672 39 418
274 735 308 401 915 -1 -1 -1 235 -1 328 122 194 -1 -1 568 338 417 291 508 979 91 142 404
-1 -1 -1 -1 -1 -1 -1 -1 -1 -1 -1 -1 -1 -1 -1 -1 -1 405 -1 -1 -1 -1 -1 -1
-1 -1 618 664 -1 -1 -1 277 -1 -1 -1 -1 -1 303 -1 -1 556 -1 -1 264 -1 406 679 -1
800 805 -1 -1 -1 -1 813 -1 752 963 -1 -1 228 -1 522 755 388 486 351 502 595 723 407 -1
489 70 363 93 408 982 220 247 382 82 253 205 95 338 670 66 213 246 124 483 916 912 888 875
-1 -1 -1 -1 -1 -1 214 -1 -1 -1 -1 -1 -1 -1 -1 -1 -1 409 -1 -1 816 -1 278 -1
992 429 -1 -1 489 -1 209 -1 410 -1 -1 902 503 766 -1 553 30 670 250 -1 966 232 280 -1
674 160 411 360 776 -1 143 130 699 549 309 536 -1 746 633 66 461 156 115 -1 439 146 -1 600
475 209 235 392 271 882 15 -1 609 -1 713 157 872 147 286 293 -1 412 170 525 153 362 948 739
335 872 358 802 92 57 -1 -1 772 -1 899 5 994 503 413 387 -1 215 965 -1 270 658 495 221
600 414 955 890 510 -1 -1 -1 722 311 35 417 -1 366 -1 -1 -1 814 421 393 343 670 786 506
-1 974 -1 66 270 692 -1 721 415 503 -1 -1 570 784 250 439 -1 18 1 -1 131 719 856 107
-1 -1 -1 -1 -1 252 -1 12 259 -1 745 -1 628 624 121 89 963 724 261 -1 756 181 416 -1
438 -1 -1 -1 -1 -1 760 -1 -1 -1 -1 -1 -1 -1 417 992 -1 -1 -1 823 -1 -1 -1 136
746 770 643 191 -1 -1 -1 -1 -1 418 945 25 329 -1 342 833 -1 204 -1 462 148 149 -1 965
52 239 -1 -1 806 -1 149 294 -1 -1 -1 -1 -1 -1 922 782 -1 419 131 -1 -1 499 794 473
325 -1 -1 -1 939 -1 420 -1 6 343 647 -1 429 -1 990 -1 465 825 708 -1 -1 -1 631 828
172 247 -1 990 413 -1 252 -1 331 -1 40 356 702 83 775 439 -1 -1 701 -1 61 421 -1 362
854 -1 -1 -1 -1 -1 568 -1 -1 -1 -1 -1 -1 -1 922 697 561 333 422 -1 -1 724 -1 -1
317 744 27 987 500 860 -1 40 708 428 407 600 278 360 659 277 276 902 784 840 151 746 423 364
-1 -1 -1 928 -1 935 -1 779 667 -1 424 534 -1 -1 -1 -1 -1 -1 -1 345 -1 451 -1 -1
972 -1 519 -1 128 809 -1 627 -1 -1 269 425 -1 -1 -1 412 -1 982 -1 831 -1 648 -1 255
828 976 502 926 937 952 279 253 920 102 240 -1 802 426 80 679 800 483 29 907 -1 -1 776 275
-1 -1 -1 -1 -1 -1 -1 -1 -1 -1 -1 -1 -1 -1 -1 -1 -1 -1 -1 -1 427 -1 -1 -1
-1 -1 -1 -1 -1 -1 171 -1 -1 -1 -1 -1 428 -1 -1 -1 -1 -1 -1 -1 -1 -1 -1 -1
-1 227 646 833 333 186 846 831 607 938 394 -1 429 453 8 510 117 496 833 323 750 332 191 939
-1 430 -1 341 -1 877 -1 -1 -1 -1 -1 -1 971 -1 983 -1 -1 -1 -1 662 -1 684 -1 -1
679 -1 -1 349 -1 894 -1 307 -1 -1 896 394 -1 -1 369 395 -1 763 -1 936 431 898 112 -1
506 755 550 561 875 91 612 792 286 578 501 54 682 98 984 684 265 334 509 825 21 424 694 559
980 433 -1 -1 -1 -1 -1 -1 -1 -1 -1 -1 -1 -1 -1 -1 -1 -1 -1 -1 702 -1 -1 -1
-1 -1 -1 -1 -1 -1 -1 -1 517 -1 -1 434 -1 -1 -1 -1 762 -1 -1 -1 -1 -1 -1 -1
400 878 -1 -1 387 -1 -1 707 435 -1 253 -1 185 99 204 779 180 -1 -1 -1 947 -1 119 -1
-1 -1 -1 -1 -1 -1 -1 -1 -1 -1 -1 -1 436 -1 -1 -1 -1 -1 -1 -1 -1 -1 -1 -1
-1 456 -1 -1 302 -1 558 664 907 904 357 115 -1 437 410 595 891 273 -1 198 -1 -1 860 164
-1 354 232 653 -1 766 973 627 438 -1 44 -1 961 -1 615 678 -1 -1 -1 -1 520 30 426 351
181 276 556 601 118 252 619 968 670 -1 154 787 926 -1 816 775 439 36 11 258 680 690 971 652
440 -1 902 958 531 -1 -1 592 799 10 237 417 792 -1 527 -1 305 22 -1 261 -1 -1 532 8
688 975 505 846 441 290 437 394 664 411 318 460 462 710 57 437 700 793 998 120 225 663 135 961
442 464 -1 -1 -1 -1 -1 -1 -1 384 -1 -1 -1 -1 -1 681 -1 -1 983 29 958 286 -1 -1
-1 -1 -1 -1 -1 715 297 344 -1 403 575 -1 680 -1 -1 955 965 -1 -1 -1 896 443 -1 -1
-1 -1 190 901 154 5 -1 977 369 -1 -1 -1 921 392 -1 688 924 -1 361 444 534 419 990 744
70 91 233 -1 445 371 389 307 327 853 905 -1 523 723 32 914 699 420 596 797 812 190 -1 669
821 -1 -1 -1 -1 -1 -1 -1 -1 -1 -1 -1 -1 -1 -1 -1 -1 -1 446 -1 -1 -1 -1 -1
787 302 -1 447 -1 511 -1 -1 -1 258 -1 14 -1 -1 -1 678 146 -1 802 226 -1 -1 696 694
-1 -1 1 273 -1 410 448 345 -1 -1 18 243 884 118 78 901 5 -1 -1 629 -1 343 205 -1
346 822 403 592 -1 519 -1 543 645 -1 514 64 253 -1 897 783 229 -1 449 216 761 796 223 743
-1 429 223 -1 -1 662 81 791 -1 -1 -1 -1 297 936 558 64 333 957 -1 107 312 34 450 96
-1 483 401 -1 114 -1 -1 698 284 10 -1 82 -1 451 -1 625 -1 -1 529 -1 -1 -1 -1 122
803 235 452 649 621 489 93 648 193 960 27 777 455 157 266 473 447 -1 773 -1 -1 209 159 702
258 -1 158 840 802 668 413 -1 -1 -1 -1 354 -1 132 -1 -1 -1 453 -1 720 -1 196 -1 -1
-1 -1 919 -1 807 -1 123 454 -1 -1 398 -1 990 -1 -1 -1 -1 966 798 756 -1 -1 -1 359
-1 491 -1 -1 -1 -1 -1 -1 -1 -1 -1 -1 455 -1 616 -1 809 -1 -1 -1 -1 -1 -1 -1
917 784 382 678 876 908 -1 885 615 875 649 316 234 632 456 24 157 825 -1 175 81 -1 490 -1
-1 -1 240 -1 -1 -1 -1 712 -1 457 619 202 469 -1 123 -1 -1 -1 -1 -1 851 909 892 279
588 686 707 78 528 657 728 309 955 893 412 467 698 448 471 459 458 978 630 457 695 624 697 -1
-1 200 -1 459 -1 -1 587 -1 11 188 -1 457 -1 -1 -1 -1 -1 -1 107 -1 567 722 -1 477
-1 -1 -1 500 772 964 -1 460 206 -1 681 -1 -1 -1 -1 888 285 569 -1 -1 -1 228 354 -1
-1 -1 -1 -1 -1 98 -1 -1 453 -1 -1 -1 -1 4 -1 282 -1 -1 -1 -1 461 -1 -1 -1
-1 -1 -1 -1 -1 -1 -1 -1 -1 -1 -1 462 -1 -1 -1 -1 -1 -1 -1 -1 -1 -1 -1 -1
888 6 -1 564 307 -1 542 817 -1 789 146 -1 545 -1 574 463 -1 -1 220 834 -1 -1 -1 698
-1 10 938 -1 558 635 -1 -1 -1 -1 -1 -1 -1 -1 -1 -1 -1 -1 -1 -1 -1 -1 464 -1
687 135 150 -1 23 465 -1 300 58 719 677 -1 395 489 80 165 616 361 -1 780 472 919 -1 604
620 -1 739 -1 165 466 305 -1 -1 -1 770 995 132 903 -1 -1 540 134 913 -1 743 951 664 -1
479 613 948 417 754 527 305 872 -1 -1 520 -1 -1 555 932 857 158 540 161 381 354 174 467 206
159 -1 -1 468 -1 -1 992 -1 401 744 225 718 -1 -1 -1 -1 -1 -1 -1 451 -1 -1 -1 460
266 844 725 182 759 859 81 318 704 148 48 341 174 607 814 734 719 622 838 902 997 996 359 760
713 688 728 904 588 102 387 276 389 -1 -1 233 627 653 724 956 818 819 710 470 341 237 484 194
-1 -1 825 -1 770 887 -1 -1 886 173 849 -1 325 395 514 -1 432 177 471 -1 -1 -1 -1 -1
482 116 -1 520 417 397 39 97 35 796 443 421 544 -1 -1 -1 472 669 -1 -1 -1 -1 425 -1
36 555 41 224 719 934 -1 -1 337 473 898 318 -1 151 592 619 9 -1 767 358 825 349 194 140
99 863 990 842 -1 -1 595 838 380 -1 -1 474 330 606 219 678 290 -1 755 -1 -1 336 -1 208
614 -1 559 758 583 359 821 945 -1 -1 475 677 54 555 455 519 -1 -1 607 731 981 320 799 922
-1 -1 -1 -1 -1 216 798 524 -1 791 553 34 375 476 565 -1 688 -1 -1 -1 -1 813 88 484
-1 -1 477 -1 -1 -1 -1 -1 -1 -1 -1 -1 -1 -1 -1 -1 -1 -1 -1 -1 -1 -1 -1 -1
976 759 788 197 21 815 459 914 33 405 208 923 123 478 319 455 -1 975 643 137 967 195 598 347
776 346 665 931 87 486 123 -1 884 -1 315 971 710 -1 479 -1 233 273 79 907 906 687 -1 782
480 -1 171 -1 -1 890 -1 426 -1 317 -1 505 -1 -1 426 -1 -1 -1 -1 856 -1 -1 828 -1
204 -1 -1 -1 -1 -1 -1 -1 -1 -1 -1 -1 -1 -1 -1 -1 -1 -1 -1 -1 481 -1 -1 -1
17 561 556 482 592 136 978 706 781 559 296 652 468 830 198 626 979 428 333 590 -1 179 337 408
63 295 898 483 543 360 842 714 331 420 714 973 877 703 441 590 558 306 821 922 641 392 982 920
581 525 410 521 356 683 667 312 982 928 378 76 55 327 520 860 572 657 913 504 698 592 781 863
103 277 -1 713 15 97 474 115 349 229 570 47 104 73 687 200 485 414 483 516 359 216 299 -1
-1 -1 712 -1 -1 -1 -1 -1 -1 -1 -1 -1 -1 -1 486 -1 -1 -1 -1 -1 -1 -1 -1 -1
-1 -1 -1 -1 -1 44 -1 -1 -1 -1 487 -1 -1 -1 -1 -1 -1 -1 -1 -1 -1 -1 -1 -1
-1 -1 595 -1 -1 -1 -1 -1 -1 -1 -1 -1 488 170 -1 -1 -1 -1 -1 -1 -1 -1 562 -1
-1 -1 -1 -1 -1 -1 -1 -1 -1 -1 -1 -1 -1 -1 -1 -1 489 -1 -1 -1 -1 -1 -1 -1
770 326 33 188 788 299 741 -1 336 -1 490 973 627 998 730 775 138 104 158 488 -1 71 -1 186
962 -1 972 188 510 827 106 871 -1 412 475 -1 -1 -1 -1 491 -1 966 -1 241 -1 200 655 646
708 -1 72 -1 188 -1 -1 -1 -1 -1 -1 492 -1 -1 237 -1 -1 -1 979 727 -1 -1 -1 -1
910 673 -1 -1 161 594 -1 -1 207 368 794 660 95 -1 -1 -1 -1 493 -1 -1 -1 -1 -1 307
474 -1 -1 -1 -1 -1 343 -1 -1 -1 494 -1 -1 -1 -1 -1 -1 -1 -1 -1 -1 -1 -1 -1
191 495 781 196 449 112 704 547 869 371 21 -1 23 595 663 19 888 -1 762 198 -1 736 760 131
842 362 639 164 269 8 171 689 785 487 206 472 291 117 554 60 442 816 429 574 452 715 505 176
-1 -1 -1 -1 -1 -1 247 31 -1 497 -1 -1 -1 -1 -1 960 436 -1 -1 -1 -1 -1 -1 -1
-1 18 -1 -1 -1 -1 -1 423 -1 355 -1 -1 -1 -1 -1 -1 -1 498 -1 -1 428 -1 -1 -1
499 680 -1 -1 -1 -1 928 916 -1 -1 -1 -1 885 823 -1 -1 -1 -1 -1 503 -1 -1 307 577
907 -1 -1 -1 814 -1 645 433 86 -1 -1 253 493 346 448 350 -1 -1 500 -1 445 440 811 283
-1 501 455 -1 205 419 -1 -1 159 -1 899 667 106 -1 -1 -1 196 392 455 -1 -1 -1 698 183
393 578 631 926 411 592 502 -1 187 78 238 107 458 898 772 127 464 -1 -1 -1 394 69 -1 344
-1 -1 946 389 790 503 331 -1 -1 -1 803 824 -1 148 -1 406 -1 -1 -1 -1 124 -1 198 -1
-1 504 -1 -1 24 -1 -1 221 366 179 662 -1 -1 -1 -1 -1 -1 -1 105 947 582 858 -1 -1
-1 -1 -1 -1 -1 545 -1 950 -1 -1 505 -1 637 -1 -1 651 -1 -1 -1 -1 -1 -1 -1 -1
346 812 901 181 787 -1 506 140 616 606 916 615 581 -1 520 -1 490 288 737 204 284 873 818 368
-1 751 -1 141 -1 -1 546 859 608 89 -1 -1 746 -1 705 378 27 603 164 507 438 289 847 -1
531 203 178 864 31 81 548 939 718 96 143 802 962 -1 587 175 517 821 999 508 285 480 193 67
-1 957 -1 -1 -1 -1 785 -1 -1 -1 -1 -1 776 509 -1 -1 372 -1 -1 685 189 831 611 -1
-1 510 -1 -1 -1 -1 -1 -1 -1 -1 -1 -1 -1 -1 -1 -1 -1 -1 284 -1 919 -1 -1 -1
-1 288 -1 680 -1 -1 -1 315 -1 832 -1 839 -1 853 -1 -1 -1 214 511 696 -1 -1 765 -1
-1 312 -1 -1 -1 235 -1 -1 -1 389 896 895 -1 -1 -1 512 -1 44 637 640 72 917 -1 -1
-1 -1 691 142 -1 918 -1 564 513 -1 77 443 -1 5 129 -1 -1 760 397 4 -1 554 -1 -1
857 -1 -1 -1 -1 631 -1 -1 -1 -1 -1 514 -1 -1 -1 -1 -1 -1 -1 -1 -1 -1 -1 -1
950 -1 -1 -1 -1 -1 -1 -1 -1 -1 -1 238 -1 -1 -1 -1 -1 -1 -1 -1 -1 515 -1 -1
781 897 17 896 2 282 135 610 175 455 159 757 107 516 842 192 72 459 767 307 502 169 682 174
-1 -1 -1 -1 -1 -1 -1 -1 134 -1 -1 -1 517 -1 -1 771 -1 -1 -1 754 948 -1 -1 -1
-1 -1 -1 -1 -1 -1 -1 -1 -1 -1 -1 -1 -1 941 -1 -1 149 -1 518 0 -1 -1 -1 665
473 938 -1 -1 686 519 6 561 649 -1 866 534 37 856 763 808 -1 -1 -1 -1 -1 -1 8 -1
737 249 26 382 936 258 890 -1 152 285 757 831 744 59 70 581 42 10 459 -1 -1 405 613 520
876 499 98 260 453 389 715 352 741 208 274 521 734 239 759 257 71 -1 220 -1 332 434 614 -1
522 267 853 736 718 145 50 406 -1 238 -1 891 -1 989 90 -1 -1 752 930 -1 972 127 -1 943
-1 -1 -1 -1 -1 -1 100 -1 -1 -1 -1 -1 598 858 -1 -1 -1 -1 156 318 -1 523 -1 -1
164 3 918 -1 227 813 731 694 -1 212 802 680 524 88 218 877 165 289 -1 -1 -1 732 427 -1
-1 779 567 -1 -1 -1 -1 -1 234 -1 -1 -1 -1 -1 -1 -1 802 -1 -1 -1 119 -1 804 525
-1 -1 -1 -1 -1 -1 189 -1 -1 -1 -1 526 -1 -1 -1 -1 -1 -1 -1 -1 441 98 -1 -1
-1 527 262 163 -1 625 40 -1 2 449 287 974 593 319 689 966 828 733 934 547 970 -1 526 40
156 912 108 258 335 691 340 604 820 483 870 324 733 546 821 345 273 634 358 93 235 671 841 970
-1 -1 -1 -1 -1 529 -1 -1 -1 -1 -1 293 -1 -1 475 -1 -1 -1 -1 -1 -1 -1 -1 722
265 763 835 889 77 566 146 105 537 604 1 764 879 349 -1 777 977 -1 731 -1 530 611 75 832
713 -1 634 -1 308 108 -1 892 875 -1 531 372 774 -1 517 -1 121 -1 -1 251 -1 -1 1 -1
-1 393 26 -1 -1 -1 792 -1 819 826 117 -1 829 705 532 216 -1 519 -1 -1 500 760 -1 69
477 65 -1 639 -1 71 832 -1 -1 -1 -1 -1 498 -1 -1 -1 -1 533 -1 -1 504 182 868 -1
-1 -1 -1 -1 -1 -1 -1 -1 -1 -1 534 -1 -1 -1 -1 -1 -1 347 -1 -1 -1 -1 -1 -1
55 -1 -1 -1 -1 346 -1 -1 -1 -1 240 -1 -1 -1 -1 -1 -1 -1 -1 -1 -1 535 -1 -1
878 876 299 482 468 536 804 -1 775 827 933 487 827 437 874 813 438 223 709 635 -1 815 511 432
-1 -1 -1 -1 -1 -1 -1 -1 -1 -1 -1 -1 -1 -1 -1 -1 537 -1 -1 -1 -1 -1 -1 -1
-1 -1 38 538 190 387 391 671 512 23 628 -1 825 366 698 662 159 260 54 -1 -1 172 601 363
-1 847 879 15 539 992 745 311 390 910 428 608 319 766 309 69 629 788 302 228 229 29 287 612
190 609 567 692 914 963 147 150 996 362 373 909 345 44 864 540 224 576 619 725 420 856 279 779
-1 -1 -1 -1 -1 -1 -1 -1 -1 787 -1 -1 -1 -1 -1 -1 -1 -1 609 6 -1 541 -1 934
637 5 -1 154 916 624 994 542 173 835 975 988 927 438 360 302 703 875 275 967 883 452 611 976
89 -1 477 168 569 -1 567 394 489 -1 877 543 -1 -1 -1 544 735 394 189 101 944 -1 459 71
817 896 563 208 -1 694 323 719 -1 317 746 458 -1 204 320 359 893 544 -1 -1 515 986 3 555
-1 -1 -1 -1 740 442 -1 -1 509 -1 940 509 -1 473 -1 -1 -1 318 -1 134 545 -1 686 266
59 710 546 390 406 855 -1 -1 147 369 966 748 657 965 -1 135 118 -1 861 174 583 206 136 580
-1 -1 -1 547 171 -1 15 895 -1 565 -1 -1 457 -1 -1 -1 -1 660 -1 -1 -1 -1 478 -1
36 825 331 262 517 595 994 548 345 328 982 938 284 270 306 165 566 756 422 266 124 316 620 266
549 -1 -1 760 -1 -1 -1 -1 -1 -1 -1 664 -1 151 -1 -1 -1 -1 -1 233 -1 -1 -1 -1
-1 -1 428 821 568 -1 926 737 550 984 578 742 -1 609 311 602 -1 -1 -1 -1 -1 294 844 -1
-1 -1 392 811 952 -1 278 544 604 551 962 -1 855 421 -1 -1 989 642 910 -1 -1 37 -1 839
71 194 382 743 224 932 296 383 400 59 350 34 736 403 46 431 988 87 388 139 720 507 693 445
465 699 554 760 553 370 -1 506 926 -1 296 -1 142 195 546 859 849 -1 742 -1 474 789 -1 -1
-1 -1 -1 -1 -1 -1 554 -1 -1 -1 -1 -1 -1 -1 -1 -1 -1 -1 -1 -1 -1 -1 -1 -1
-1 624 -1 -1 -1 555 -1 383 -1 -1 -1 -1 -1 -1 -1 -1 -1 629 -1 590 -1 203 746 -1
-1 556 122 -1 -1 -1 -1 960 -1 -1 -1 -1 322 -1 -1 -1 -1 -1 -1 -1 -1 865 -1 -1
404 597 525 736 -1 609 547 915 324 698 453 650 557 796 138 324 926 860 61 665 228 160 750 973
-1 -1 -1 -1 19 -1 -1 900 -1 591 558 368 915 230 -1 230 81 64 615 424 387 -1 -1 -1
-1 559 900 667 -1 -1 298 185 -1 -1 843 -1 776 -1 -1 580 -1 -1 -1 -1 788 60 868 -1
803 394 -1 971 1 600 560 124 58 -1 -1 -1 -1 -1 -1 -1 512 -1 -1 -1 -1 -1 -1 554
-1 -1 -1 -1 -1 561 -1 -1 -1 -1 -1 -1 -1 -1 -1 -1 -1 -1 -1 -1 -1 805 -1 -1
-1 274 331 392 945 -1 -1 -1 -1 562 23 978 -1 966 -1 473 796 56 -1 30 -1 -1 -1 -1
260 645 563 12 678 58 129 338 287 402 459 972 712 318 764 143 355 216 614 32 820 543 731 758
-1 521 -1 -1 -1 -1 -1 -1 -1 -1 -1 -1 454 -1 564 -1 -1 -1 -1 -1 -1 -1 -1 -1
-1 806 -1 511 -1 -1 57 332 620 508 29 829 -1 -1 998 -1 -1 -1 585 565 723 -1 313 -1
-1 566 -1 -1 -1 -1 -1 -1 -1 -1 -1 -1 -1 -1 -1 -1 -1 -1 -1 -1 -1 -1 -1 -1
567 -1 911 908 121 337 -1 -1 562 587 928 368 -1 762 -1 441 389 772 -1 81 839 35 613 737
-1 528 -1 -1 -1 467 540 348 601 568 447 -1 -1 -1 272 85 -1 497 -1 269 981 -1 999 -1
-1 -1 -1 -1 -1 569 781 -1 -1 -1 -1 -1 -1 497 -1 -1 -1 682 -1 -1 -1 875 -1 576
570 -1 944 190 30 620 -1 -1 -1 319 429 -1 120 459 549 813 966 613 -1 -1 -1 -1 638 -1
575 -1 867 713 819 376 612 312 279 794 576 503 320 957 213 571 -1 163 819 408 336 -1 402 892
161 282 119 596 600 49 448 932 273 493 824 138 775 771 818 145 225 717 682 892 847 703 572 729
519 113 497 892 432 177 394 330 620 709 869 914 589 212 729 386 381 848 983 621 439 906 545 824
301 42 846 490 274 467 595 149 547 866 288 379 762 652 851 203 485 613 898 629 810 571 405 459
-1 -1 516 -1 -1 297 500 454 -1 294 -1 -1 -1 -1 -1 -1 -1 -1 -1 67 -1 -1 -1 575
968 27 787 -1 259 205 63 667 654 829 396 -1 -1 466 381 -1 -1 460 834 537 -1 576 226 -1
236 553 -1 -1 577 34 -1 -1 272 759 868 312 356 636 -1 -1 76 866 956 -1 -1 -1 -1 -1
578 96 333 -1 427 -1 988 446 886 -1 -1 893 382 164 421 415 60 128 305 458 961 230 368 631
11 639 560 740 709 682 312 641 69 -1 652 72 579 626 -1 -1 -1 -1 219 666 506 10 -1 -1
99 308 950 716 677 292 549 -1 384 154 377 330 209 568 580 -1 731 761 601 184 592 60 409 194
243 96 -1 -1 762 514 -1 902 -1 685 827 50 971 581 -1 -1 -1 538 799 -1 65 -1 -1 454
177 954 811 403 582 361 38 722 43 324 902 832 784 586 745 970 892 715 656 28 254 36 486 184
-1 899 215 -1 -1 768 555 885 -1 -1 -1 -1 498 -1 -1 -1 -1 983 -1 583 150 -1 237 121
307 584 867 717 738 836 165 423 -1 637 996 171 776 916 729 868 162 836 -1 618 895 747 548 363
-1 740 -1 -1 -1 -1 -1 153 -1 -1 715 879 -1 -1 -1 -1 -1 891 -1 -1 323 -1 585 -1
741 843 263 164 -1 296 496 164 14 581 855 -1 43 714 446 241 84 342 -1 586 -1 457 327 888
-1 -1 -1 -1 -1 -1 571 -1 -1 -1 436 -1 -1 998 -1 -1 587 -1 -1 -1 -1 672 -1 -1
-1 -1 276 588 152 -1 -1 454 215 -1 376 -1 -1 979 840 -1 -1 46 395 -1 -1 -1 717 -1
148 562 248 332 0 432 608 232 286 260 938 482 136 34 774 788 164 531 725 754 802 418 961 589
908 364 677 -1 -1 -1 303 139 83 84 590 65 -1 74 -1 -1 624 913 -1 151 42 17 -1 -1
-1 -1 -1 -1 615 -1 -1 75 783 949 -1 -1 633 714 528 591 127 425 901 -1 -1 -1 -1 932
-1 -1 -1 -1 -1 -1 262 -1 936 592 319 28 -1 960 455 -1 34 -1 279 43 371 968 97 -1
-1 -1 151 -1 -1 -1 388 -1 -1 -1 -1 -1 -1 398 -1 67 -1 -1 -1 -1 590 -1 593 -1
43 802 995 282 601 594 250 335 -1 63 -1 323 542 919 197 80 885 755 973 602 567 609 795 638
607 -1 -1 -1 -1 592 31 -1 595 439 -1 -1 -1 -1 -1 -1 901 -1 626 -1 92 -1 720 108
146 318 548 642 683 596 813 682 900 897 -1 341 919 280 268 395 318 562 943 29 59 691 298 623
-1 -1 -1 -1 -1 -1 -1 990 -1 -1 -1 -1 42 -1 597 -1 -1 -1 -1 -1 -1 -1 -1 -1
-1 -1 4 613 597 598 -1 874 975 0 -1 -1 899 -1 156 691 -1 -1 -1 102 -1 37 230 788
-1 -1 -1 169 -1 -1 -1 599 -1 -1 -1 -1 -1 -1 -1 -1 425 332 -1 240 -1 -1 -1 15
99 820 307 -1 412 440 724 -1 147 -1 666 172 -1 590 -1 64 432 -1 600 345 -1 841 -1 467
711 908 -1 360 541 714 956 897 244 -1 60 938 576 978 267 -1 -1 212 907 -1 601 -1 281 810
357 106 742 699 -1 65 204 602 112 478 335 59 71 803 826 992 34 205 827 599 841 370 68 980
603 918 -1 795 -1 648 -1 -1 -1 -1 632 -1 678 436 426 -1 -1 -1 30 -1 799 398 -1 514
-1 -1 -1 -1 -1 -1 -1 604 -1 -1 -1 -1 -1 -1 -1 -1 -1 -1 -1 -1 -1 -1 -1 -1
611 -1 -1 -1 -1 329 -1 359 361 -1 -1 605 -1 604 -1 754 -1 490 732 -1 175 285 -1 361
606 -1 -1 369 -1 999 907 670 -1 759 564 779 558 577 -1 -1 304 -1 -1 -1 -1 606 783 -1
877 123 889 50 785 -1 859 827 607 184 843 926 853 567 -1 -1 -1 19 277 800 175 880 195 125
-1 -1 -1 -1 -1 -1 -1 -1 -1 -1 -1 -1 -1 -1 -1 -1 -1 -1 964 608 -1 -1 -1 -1
-1 688 -1 -1 -1 -1 -1 390 -1 -1 -1 -1 -1 -1 -1 -1 -1 609 -1 -1 -1 363 496 -1
159 802 506 861 94 -1 266 -1 136 -1 108 701 -1 610 878 601 -1 -1 808 -1 -1 464 -1 717
-1 -1 -1 694 793 -1 -1 -1 -1 396 -1 -1 611 -1 -1 637 597 559 -1 -1 931 82 -1 295
-1 452 -1 211 605 840 269 -1 548 697 32 602 358 819 982 612 922 612 883 166 190 404 421 381
324 280 881 176 350 418 533 613 533 65 274 988 499 99 470 250 465 568 483 368 558 -1 816 -1
-1 -1 83 -1 -1 -1 -1 -1 30 318 -1 -1 614 -1 -1 -1 -1 -1 433 641 116 578 331 811
719 336 984 368 26 745 -1 726 -1 110 -1 -1 106 351 -1 809 -1 371 54 615 253 971 107 394
308 385 -1 616 117 41 195 355 112 456 869 848 727 774 941 310 441 -1 162 276 558 58 -1 972
-1 926 -1 15 -1 -1 199 716 -1 833 -1 -1 626 671 -1 195 915 -1 465 -1 617 -1 285 346
618 -1 102 712 412 143 887 -1 709 -1 304 -1 371 227 329 -1 407 764 463 609 651 769 999 507
-1 -1 -1 513 587 -1 -1 619 -1 842 -1 -1 -1 -1 -1 368 -1 -1 -1 273 -1 -1 827 -1
691 278 -1 648 -1 213 216 849 -1 -1 427 469 569 360 -1 620 58 -1 918 -1 257 275 426 -1
-1 172 -1 -1 835 -1 -1 -1 711 -1 -1 -1 717 -1 148 65 621 -1 -1 -1 905 410 -1 -1
949 61 918 426 711 891 643 376 722 437 421 245 155 392 371 677 660 170 167 192 254 300 905 62
950 185 840 430 -1 241 898 739 863 -1 401 295 873 96 969 928 905 623 266 516 916 735 72 235
268 161 -1 -1 -1 513 -1 -1 17 873 -1 -1 624 -1 -1 -1 -1 163 -1 -1 -1 182 751 60
224 16 -1 153 -1 -1 299 -1 -1 -1 -1 -1 625 -1 -1 487 703 579 700 734 -1 -1 -1 877
-1 896 -1 870 -1 -1 207 626 -1 -1 -1 -1 -1 -1 767 609 -1 -1 -1 692 -1 256 -1 -1
-1 610 -1 -1 415 -1 -1 555 -1 -1 404 736 -1 539 -1 -1 259 -1 722 -1 627 132 -1 562
-1 62 81 59 -1 160 62 459 -1 -1 815 -1 625 -1 449 628 -1 -1 369 -1 154 -1 466 315
-1 323 -1 -1 -1 -1 629 -1 -1 -1 -1 497 -1 80 -1 -1 407 -1 -1 323 786 -1 -1 -1
674 -1 -1 -1 -1 43 -1 -1 -1 -1 -1 630 -1 -1 -1 -1 774 -1 -1 -1 -1 -1 -1 185
-1 -1 384 -1 -1 -1 173 852 -1 -1 -1 -1 631 -1 218 635 -1 -1 -1 -1 -1 -1 -1 -1
632 -1 608 387 259 786 877 -1 544 110 358 105 880 51 437 635 302 65 310 192 337 673 33 165
257 709 430 263 127 637 -1 648 -1 984 954 379 423 900 473 333 474 80 498 633 510 781 286 778
-1 634 -1 -1 -1 -1 -1 962 202 -1 -1 -1 241 -1 350 -1 -1 -1 -1 -1 844 781 -1 -1
917 364 507 692 539 459 576 184 367 440 635 987 577 761 552 -1 113 -1 908 804 105 370 159 782
-1 -1 -1 -1 -1 636 -1 -1 -1 102 299 -1 -1 741 -1 -1 -1 -1 -1 -1 -1 -1 690 -1
-1 -1 -1 -1 -1 -1 637 -1 -1 747 -1 -1 -1 -1 -1 -1 -1 235 -1 -1 -1 -1 -1 -1
844 464 957 768 832 990 518 845 -1 287 35 793 748 260 103 277 360 416 980 343 83 638 219 720
325 738 506 427 202 948 172 354 777 63 855 639 818 262 367 295 817 682 653 677 969 437 462 836
-1 -1 -1 -1 -1 -1 -1 -1 -1 -1 -1 -1 -1 -1 -1 -1 -1 -1 -1 -1 -1 640 -1 -1
382 625 210 349 194 -1 988 613 698 -1 -1 641 -1 695 958 534 -1 -1 -1 -1 926 499 747 409
-1 -1 796 -1 519 -1 -1 -1 291 642 -1 315 -1 472 -1 478 890 133 -1 809 -1 460 -1 38
606 801 808 314 64 463 214 277 697 304 169 600 833 899 700 963 927 104 435 777 47 14 364 399
-1 -1 -1 -1 -1 -1 -1 -1 -1 474 -1 -1 -1 644 -1 807 51 -1 -1 -1 -1 -1 721 531
498 670 -1 -1 24 377 178 662 497 716 25 645 193 834 -1 316 844 517 942 -1 158 42 -1 -1
-1 646 710 829 -1 63 686 995 -1 570 409 918 355 135 240 104 430 348 804 955 -1 145 -1 327
835 354 850 -1 976 169 -1 468 751 923 452 252 720 332 525 853 647 875 323 166 230 127 845 193
-1 -1 -1 -1 -1 -1 648 -1 427 429 651 -1 -1 -1 469 -1 -1 -1 -1 -1 896 340 565 519
327 541 774 599 715 903 -1 361 -1 634 769 166 -1 584 410 488 122 649 -1 724 136 630 624 640
-1 -1 -1 -1 -1 650 -1 -1 -1 -1 -1 -1 -1 -1 -1 -1 -1 -1 -1 -1 -1 -1 -1 -1
-1 -1 -1 -1 -1 651 986 -1 -1 544 -1 -1 -1 -1 -1 685 -1 490 -1 -1 -1 -1 -1 -1
347 837 -1 389 -1 652 -1 634 -1 483 -1 -1 277 189 -1 -1 -1 -1 772 -1 -1 959 -1 -1
-1 100 198 688 -1 882 627 980 447 -1 372 547 565 653 -1 557 826 498 -1 -1 852 535 -1 554
10 1 -1 -1 559 738 842 235 479 -1 412 -1 389 758 388 439 -1 -1 654 -1 -1 -1 420 126
-1 -1 655 -1 -1 -1 459 -1 -1 595 -1 893 -1 -1 987 -1 -1 -1 -1 -1 -1 -1 -1 678
615 -1 -1 580 241 711 904 319 324 -1 742 876 987 807 -1 -1 797 962 -1 -1 -1 981 681 656
308 13 305 4 49 778 187 307 239 569 830 523 948 86 189 461 84 418 945 769 770 368 446 541
545 658 -1 -1 -1 -1 -1 -1 -1 -1 -1 -1 -1 -1 -1 -1 -1 -1 -1 -1 -1 -1 -1 -1
-1 -1 -1 -1 -1 -1 -1 -1 -1 659 -1 -1 -1 -1 -1 -1 -1 -1 -1 -1 -1 -1 -1 -1
-1 -1 -1 -1 491 839 -1 -1 524 -1 -1 416 660 230 732 822 -1 723 -1 584 -1 -1 -1 254
429 -1 -1 -1 972 -1 -1 -1 661 16 -1 -1 -1 -1 817 -1 -1 -1 975 51 -1 -1 -1 683
444 167 350 277 806 491 811 338 247 880 398 31 802 662 160 116 954 745 317 155 412 289 77 452
943 172 808 -1 138 -1 351 -1 -1 837 -1 -1 -1 -1 386 471 -1 -1 -1 858 192 -1 -1 663
-1 -1 664 -1 -1 -1 -1 -1 -1 -1 -1 -1 -1 -1 -1 -1 -1 -1 -1 -1 -1 -1 -1 -1
-1 556 927 199 442 -1 -1 -1 100 967 607 -1 -1 751 665 -1 -1 -1 646 328 82 -1 201 -1
962 561 411 401 466 -1 -1 -1 848 -1 -1 -1 -1 -1 304 -1 -1 666 -1 -1 -1 -1 -1 131
101 -1 -1 -1 -1 446 576 -1 -1 667 349 -1 -1 922 390 594 -1 -1 893 79 210 553 636 46
-1 402 237 366 608 -1 -1 -1 -1 505 668 91 427 -1 286 -1 134 -1 80 -1 743 574 867 896
780 404 678 224 929 592 823 669 306 976 422 621 977 643 -1 952 383 582 547 -1 -1 256 -1 698
-1 -1 -1 -1 -1 -1 -1 -1 -1 -1 -1 -1 -1 -1 -1 -1 -1 -1 -1 -1 -1 -1 670 -1
828 -1 671 -1 -1 -1 277 222 -1 -1 -1 -1 248 -1 432 -1 -1 -1 -1 296 591 787 -1 848
854 761 678 892 174 714 672 -1 -1 12 864 992 -1 408 -1 921 406 624 61 327 -1 -1 -1 375
900 -1 824 486 334 23 826 669 302 84 5 607 879 476 92 556 382 673 121 451 687 558 576 432
447 605 -1 581 -1 263 291 888 711 462 -1 843 880 939 674 -1 474 -1 824 -1 973 147 602 209
-1 -1 -1 -1 -1 -1 -1 -1 -1 -1 -1 -1 -1 200 -1 -1 -1 189 -1 -1 -1 -1 675 -1
-1 -1 -1 676 0 -1 -1 -1 -1 -1 -1 -1 -1 -1 -1 -1 -1 -1 -1 -1 -1 -1 -1 635
-1 -1 -1 258 -1 -1 -1 -1 -1 677 -1 -1 -1 -1 -1 -1 277 -1 -1 -1 -1 -1 595 -1
-1 -1 -1 -1 57 678 460 407 851 -1 711 -1 -1 -1 -1 -1 -1 727 -1 -1 -1 209 -1 867
668 547 686 783 679 851 374 475 -1 276 19 696 666 53 913 867 -1 858 164 900 847 565 310 465
-1 866 -1 -1 -1 -1 -1 -1 -1 -1 -1 680 520 -1 580 -1 -1 -1 -1 -1 -1 119 -1 -1
681 -1 612 -1 -1 -1 800 -1 210 825 -1 -1 -1 -1 -1 -1 -1 -1 110 -1 -1 195 -1 -1
-1 242 735 768 991 856 396 -1 682 192 664 489 811 918 13 202 -1 -1 195 -1 -1 -1 175 452
995 155 683 -1 401 -1 23 363 87 985 -1 351 769 771 823 333 325 754 365 318 601 -1 -1 649
999 -1 -1 -1 -1 -1 684 -1 -1 -1 -1 -1 -1 -1 -1 -1 -1 -1 -1 -1 950 -1 -1 -1
972 35 140 498 178 453 920 840 24 367 560 420 223 411 494 152 433 210 767 404 862 957 471 290
-1 -1 -1 -1 -1 -1 -1 686 -1 -1 -1 -1 -1 -1 -1 -1 -1 -1 839 -1 -1 -1 -1 -1
-1 65 -1 687 200 136 -1 807 344 -1 758 -1 -1 -1 -1 -1 -1 -1 -1 -1 -1 868 -1 761
-1 -1 -1 -1 -1 -1 209 -1 688 -1 -1 565 -1 714 615 -1 -1 637 -1 -1 338 -1 -1 -1
480 689 341 -1 408 -1 -1 -1 67 417 -1 345 75 -1 -1 -1 49 -1 125 296 546 -1 -1 -1
-1 833 -1 653 -1 -1 588 -1 690 -1 -1 -1 -1 -1 846 192 471 -1 395 370 -1 52 -1 434
-1 861 713 151 121 552 538 749 -1 619 116 -1 201 691 955 -1 67 192 478 407 596 94 665 -1
-1 -1 -1 -1 -1 692 -1 -1 -1 -1 -1 -1 -1 -1 -1 -1 -1 -1 -1 -1 -1 -1 -1 -1
-1 113 -1 -1 -1 -1 46 -1 -1 392 573 796 767 -1 -1 -1 693 926 745 893 -1 -1 -1 -1
311 694 -1 74 382 755 594 904 -1 -1 -1 294 962 638 142 64 -1 -1 36 385 -1 924 95 -1
24 889 374 -1 -1 414 -1 -1 -1 470 -1 603 -1 960 75 281 746 -1 159 -1 748 695 242 -1
-1 -1 -1 -1 -1 -1 696 -1 -1 -1 -1 -1 -1 -1 -1 -1 -1 -1 -1 -1 -1 -1 -1 -1
591 384 -1 149 -1 468 -1 615 373 532 637 781 -1 561 626 721 189 621 697 161 730 -1 732 -1
-1 -1 -1 -1 971 921 963 940 698 380 64 -1 985 799 -1 -1 240 -1 -1 -1 -1 -1 579 937
460 213 958 412 137 739 744 231 817 548 477 933 530 329 132 289 317 965 200 464 935 234 72 284
864 104 368 700 904 224 907 553 408 562 526 373 61 289 217 712 90 647 304 929 427 2 564 38
183 -1 -1 -1 -1 366 -1 -1 -1 701 -1 56 -1 359 -1 373 -1 696 -1 -1 -1 -1 -1 -1
648 702 141 439 -1 -1 307 87 280 180 840 -1 -1 22 670 889 51 762 706 521 128 787 995 548
346 288 197 644 703 703 73 410 277 845 112 631 145 597 139 716 -1 181 895 955 441 633 -1 861
971 80 192 900 212 704 408 551 938 222 618 765 373 709 827 66 796 862 919 662 564 247 574 585
130 127 66 705 212 -1 842 306 775 124 -1 -1 500 609 703 690 -1 696 308 579 280 -1 877 720
182 -1 -1 -1 -1 -1 -1 958 -1 -1 967 -1 -1 -1 -1 -1 -1 -1 -1 -1 -1 -1 -1 706
473 346 173 707 198 804 590 804 670 182 354 408 357 207 147 186 279 412 785 705 944 865 190 775
-1 -1 -1 -1 -1 -1 -1 -1 767 669 -1 -1 642 -1 -1 96 579 -1 -1 -1 708 -1 -1 -1
460 848 197 -1 -1 -1 874 -1 -1 -1 894 920 -1 824 -1 352 -1 709 -1 -1 694 -1 -1 -1
-1 857 624 -1 -1 295 -1 514 -1 666 299 -1 26 -1 553 -1 710 943 -1 56 454 897 146 97
-1 -1 -1 -1 -1 -1 -1 -1 -1 416 -1 -1 -1 -1 -1 466 -1 -1 711 -1 -1 -1 -1 -1
163 552 663 779 73 -1 855 160 -1 641 -1 -1 911 712 668 700 219 210 567 434 298 -1 -1 -1
-1 -1 -1 -1 -1 513 -1 -1 -1 310 -1 -1 713 533 -1 -1 -1 -1 -1 -1 -1 -1 -1 -1
641 125 247 664 165 272 593 275 699 528 597 163 637 992 558 480 30 940 575 943 673 262 557 124
760 460 139 583 578 -1 -1 -1 530 -1 938 709 51 436 715 -1 410 -1 904 617 -1 55 -1 177
-1 580 -1 150 399 698 716 -1 740 968 131 -1 -1 555 -1 213 102 941 265 408 -1 990 175 -1
-1 95 818 -1 717 760 912 457 -1 -1 749 751 -1 814 858 512 420 425 88 745 442 7 945 170
132 718 -1 716 -1 31 -1 155 -1 -1 -1 -1 435 -1 -1 466 -1 -1 -1 913 701 -1 -1 235
599 -1 -1 875 -1 -1 -1 140 976 594 775 719 -1 851 -1 -1 -1 755 -1 -1 806 -1 -1 733
-1 -1 -1 -1 -1 720 -1 -1 325 -1 -1 -1 -1 -1 -1 -1 -1 596 312 -1 -1 -1 -1 -1
-1 950 130 77 142 721 -1 -1 531 746 50 -1 867 83 -1 -1 -1 -1 613 528 519 -1 -1 -1
46 551 899 750 174 749 66 657 513 79 755 503 931 855 971 269 789 722 212 638 253 669 915 803
439 -1 -1 -1 -1 -1 -1 -1 533 -1 -1 222 -1 -1 -1 917 -1 622 723 78 -1 -1 619 -1
857 -1 736 -1 480 637 361 724 -1 575 -1 69 -1 -1 489 -1 963 180 -1 -1 761 -1 638 879
-1 211 -1 -1 877 -1 -1 649 -1 -1 -1 870 541 603 -1 704 -1 52 725 -1 -1 44 364 -1
726 -1 -1 -1 -1 896 -1 -1 482 -1 -1 612 375 297 -1 -1 -1 -1 -1 -1 -1 -1 500 -1
292 -1 -1 336 -1 657 779 575 988 700 727 -1 962 264 593 418 614 988 26 443 -1 571 963 852
-1 -1 454 728 -1 -1 -1 -1 835 -1 -1 -1 -1 -1 -1 -1 952 961 -1 -1 -1 -1 8 -1
-1 -1 -1 -1 -1 -1 -1 -1 -1 -1 -1 -1 -1 -1 -1 -1 -1 -1 -1 632 523 451 729 -1
-1 -1 -1 -1 -1 -1 -1 -1 -1 -1 -1 136 -1 -1 730 -1 -1 -1 -1 -1 -1 -1 -1 -1
-1 207 -1 -1 -1 -1 -1 -1 -1 731 -1 -1 -1 -1 -1 -1 -1 -1 -1 -1 -1 161 -1 -1
-1 -1 -1 -1 -1 661 732 -1 -1 -1 -1 -1 -1 25 -1 -1 -1 -1 -1 -1 -1 -1 186 -1
-1 347 -1 -1 753 805 -1 -1 -1 -1 -1 -1 921 -1 -1 -1 -1 -1 22 -1 750 733 -1 428
-1 1 -1 -1 -1 -1 208 -1 -1 -1 373 183 -1 -1 720 -1 839 -1 -1 125 47 734 -1 -1
-1 -1 -1 -1 -1 649 -1 -1 -1 -1 -1 -1 -1 827 735 -1 -1 -1 -1 -1 -1 -1 -1 -1
736 904 -1 758 -1 -1 -1 -1 -1 -1 672 -1 222 802 -1 307 358 196 -1 232 -1 -1 -1 131
702 765 671 143 292 579 47 443 309 593 -1 759 -1 749 -1 737 -1 394 623 814 20 418 58 790
849 -1 718 -1 807 113 910 53 332 471 172 405 -1 264 545 738 -1 251 831 -1 -1 428 39 -1
-1 -1 739 -1 -1 -1 -1 -1 -1 -1 -1 -1 -1 -1 -1 -1 -1 -1 -1 -1 -1 -1 -1 -1
-1 972 -1 -1 -1 -1 -1 197 -1 740 -1 -1 649 -1 -1 -1 -1 -1 910 -1 -1 -1 -1 -1
-1 -1 220 -1 741 -1 -1 -1 -1 -1 -1 -1 -1 -1 -1 -1 320 -1 637 -1 -1 -1 -1 -1
174 836 105 199 742 10 26 814 899 680 655 906 571 581 204 928 429 809 885 674 812 371 904 281
926 404 846 794 -1 111 544 -1 -1 -1 220 -1 -1 -1 830 -1 -1 -1 832 731 459 743 -1 706
-1 613 681 -1 400 396 789 849 -1 -1 698 183 256 -1 -1 329 617 423 922 215 -1 -1 609 744
-1 735 371 376 745 768 886 -1 322 401 -1 -1 309 889 343 118 577 -1 991 751 465 799 964 557
299 742 670 390 309 686 676 240 306 -1 880 -1 -1 421 561 746 249 921 20 784 -1 -1 460 143
-1 553 -1 319 747 821 389 -1 -1 -1 -1 -1 -1 -1 718 761 -1 -1 -1 -1 -1 -1 -1 -1
925 777 -1 301 907 254 96 373 216 404 974 298 998 388 328 748 378 -1 470 309 543 674 -1 -1
40 455 835 17 407 467 190 209 617 637 245 356 875 872 749 563 917 984 271 451 804 -1 -1 930
791 620 -1 150 71 610 -1 3 -1 806 -1 -1 369 501 750 -1 -1 -1 292 -1 -1 456 -1 -1
-1 -1 -1 -1 -1 -1 -1 -1 -1 258 207 -1 918 146 513 658 15 642 -1 98 633 -1 -1 751
-1 195 38 -1 752 629 -1 -1 -1 -1 -1 -1 -1 -1 -1 -1 -1 -1 393 -1 -1 -1 527 905
-1 954 881 597 -1 -1 -1 -1 773 328 753 -1 -1 847 -1 774 -1 -1 957 -1 -1 -1 511 -1
-1 458 818 -1 18 -1 -1 754 -1 -1 680 906 -1 988 357 892 449 -1 67 150 938 637 194 794
-1 -1 -1 -1 -1 -1 -1 -1 -1 -1 -1 -1 -1 -1 -1 -1 -1 -1 755 -1 -1 -1 -1 -1
-1 -1 495 -1 -1 -1 -1 -1 -1 544 -1 -1 -1 -1 756 102 -1 -1 -1 999 -1 -1 109 -1
248 757 -1 90 883 -1 -1 526 -1 -1 513 -1 781 703 279 691 -1 -1 -1 -1 -1 -1 -1 -1
475 77 218 706 -1 659 773 707 -1 290 -1 -1 999 -1 -1 -1 635 -1 -1 -1 325 758 745 -1
421 -1 -1 -1 -1 -1 -1 -1 -1 -1 759 -1 -1 -1 -1 -1 -1 727 -1 -1 -1 -1 -1 85
124 235 328 -1 639 760 224 -1 13 984 902 150 316 -1 765 300 495 421 -1 326 96 598 10 762
828 -1 -1 50 696 197 61 653 415 724 519 617 422 857 205 615 721 161 978 337 761 288 585 961
683 974 124 437 901 157 -1 476 87 137 66 470 211 143 -1 697 762 622 -1 375 5 886 610 316
-1 -1 -1 -1 -1 -1 -1 -1 294 -1 -1 -1 -1 -1 -1 -1 -1 -1 -1 763 -1 -1 -1 -1
303 -1 512 923 157 714 762 855 65 917 723 -1 569 437 -1 764 808 -1 719 965 258 -1 631 406
765 930 324 -1 239 -1 451 -1 -1 969 643 838 796 -1 1 817 90 -1 591 473 849 -1 -1 292
-1 -1 -1 -1 -1 -1 -1 -1 -1 -1 766 -1 -1 -1 -1 -1 -1 -1 -1 -1 -1 -1 -1 -1
-1 -1 -1 767 -1 -1 523 -1 -1 846 -1 -1 -1 -1 -1 -1 -1 -1 -1 -1 -1 357 -1 -1
-1 -1 -1 -1 196 117 -1 879 -1 939 768 -1 -1 495 -1 920 -1 234 606 490 728 574 -1 781
114 -1 -1 -1 -1 282 -1 -1 -1 45 387 194 -1 14 -1 769 -1 -1 831 122 567 674 -1 699
-1 -1 -1 677 184 -1 419 320 -1 -1 -1 770 -1 -1 -1 -1 -1 -1 472 -1 -1 -1 745 -1
-1 -1 -1 -1 -1 -1 -1 -1 532 -1 771 -1 -1 -1 -1 -1 -1 -1 -1 -1 -1 -1 -1 -1
-1 -1 772 -1 -1 -1 -1 -1 -1 -1 -1 -1 945 -1 -1 153 -1 -1 97 -1 -1 -1 -1 -1
-1 890 644 -1 424 -1 148 712 714 -1 296 -1 435 829 773 -1 458 164 -1 434 811 873 -1 492
-1 -1 288 -1 -1 -1 -1 -1 872 -1 -1 474 774 -1 -1 -1 -1 62 -1 350 117 -1 844 -1
-1 -1 -1 787 -1 775 114 -1 48 -1 -1 647 -1 -1 524 -1 -1 -1 88 -1 -1 -1 -1 -1
-1 -1 -1 -1 -1 -1 776 -1 -1 -1 -1 -1 -1 -1 -1 -1 -1 -1 -1 -1 -1 -1 -1 -1
-1 -1 -1 -1 -1 -1 -1 -1 -1 449 906 -1 -1 -1 -1 -1 -1 195 798 -1 -1 777 -1 269
969 855 950 765 942 -1 449 -1 -1 64 -1 -1 -1 591 304 -1 643 358 326 -1 -1 728 375 778
185 327 931 767 -1 -1 -1 -1 -1 826 977 -1 270 940 87 304 539 118 -1 779 604 694 200 -1
721 218 895 208 -1 803 155 -1 -1 -1 577 713 644 895 398 148 780 169 68 854 -1 -1 83 712
517 833 712 581 345 376 -1 780 -1 -1 503 -1 1 28 781 818 321 -1 643 -1 422 -1 -1 745
-1 -1 -1 782 -1 -1 -1 642 848 -1 -1 -1 -1 -1 -1 889 498 -1 -1 381 92 -1 -1 -1
946 656 -1 809 834 714 -1 -1 -1 166 -1 -1 31 -1 -1 -1 -1 -1 -1 783 -1 -1 603 -1
-1 449 133 784 897 821 -1 -1 232 42 -1 227 -1 461 351 431 925 941 -1 936 505 121 218 678
41 704 810 -1 719 -1 895 -1 -1 -1 746 -1 30 -1 90 -1 -1 785 -1 401 781 463 -1 948
-1 756 199 -1 597 709 -1 790 -1 786 431 155 272 824 233 307 465 -1 -1 765 -1 26 337 188
-1 750 -1 -1 -1 -1 -1 -1 -1 787 -1 -1 163 -1 -1 -1 940 49 -1 546 -1 -1 534 -1
788 977 -1 -1 806 -1 919 -1 64 67 -1 -1 -1 -1 -1 872 797 245 365 614 -1 -1 689 -1
237 521 216 -1 118 360 587 18 596 832 480 360 138 300 789 769 637 480 466 699 752 92 254 738
634 -1 594 696 400 910 -1 522 -1 -1 -1 585 819 790 -1 -1 291 659 -1 -1 789 -1 -1 427
-1 -1 -1 -1 -1 -1 -1 -1 -1 -1 -1 -1 -1 -1 -1 -1 -1 -1 -1 791 -1 -1 -1 -1
71 -1 537 -1 180 173 233 131 -1 459 868 855 678 -1 28 735 -1 792 -1 -1 248 289 -1 -1
-1 -1 -1 582 -1 -1 906 781 31 -1 316 793 724 781 90 -1 396 512 -1 -1 828 303 555 983
88 140 501 555 852 474 31 295 17 552 396 721 344 324 381 167 254 292 397 794 717 563 814 318
830 482 -1 649 317 434 -1 23 212 -1 -1 670 -1 795 -1 988 155 927 902 381 860 -1 270 832
-1 -1 -1 -1 -1 -1 -1 -1 -1 -1 -1 -1 -1 -1 -1 796 -1 -1 -1 -1 -1 -1 -1 -1
-1 -1 -1 -1 -1 -1 -1 -1 -1 -1 -1 -1 -1 -1 -1 -1 -1 -1 -1 -1 -1 797 -1 -1
865 573 542 414 789 510 708 609 763 681 764 15 25 627 195 653 740 857 261 750 69 768 78 596
-1 359 -1 327 705 362 827 836 -1 490 594 865 640 325 336 -1 871 372 799 117 -1 648 53 -1
-1 -1 -1 -1 800 -1 -1 -1 -1 -1 -1 -1 -1 -1 -1 -1 -1 -1 -1 -1 -1 -1 -1 -1
-1 801 -1 -1 -1 -1 52 -1 -1 -1 -1 -1 -1 -1 -1 973 -1 949 894 -1 -1 -1 -1 -1
802 -1 -1 -1 -1 780 -1 -1 -1 -1 -1 -1 -1 -1 -1 -1 -1 -1 -1 -1 -1 -1 -1 -1
-1 82 559 952 257 -1 935 349 997 108 -1 -1 46 941 -1 406 351 -1 803 117 -1 254 -1 -1
191 343 552 923 727 66 295 579 670 332 730 659 793 611 116 486 417 257 580 180 968 822 823 737
-1 311 -1 945 136 -1 -1 -1 805 -1 -1 374 -1 -1 -1 -1 82 -1 -1 -1 61 -1 275 -1
-1 806 611 434 -1 -1 -1 903 185 -1 -1 -1 -1 -1 -1 335 806 -1 -1 -1 71 37 438 -1
-1 145 564 255 756 -1 882 957 516 815 373 908 679 397 428 807 615 948 620 -1 36 957 97 -1
133 -1 846 137 -1 942 513 503 -1 -1 -1 808 716 74 151 551 -1 -1 -1 -1 165 677 -1 173
309 175 999 27 470 799 966 916 322 591 135 143 220 434 953 567 901 882 662 29 624 954 883 342
916 -1 998 -1 429 -1 -1 -1 340 265 -1 715 -1 193 -1 -1 -1 -1 -1 -1 -1 -1 810 -1
-1 -1 811 -1 -1 -1 -1 -1 -1 -1 -1 -1 -1 -1 -1 -1 -1 -1 -1 -1 -1 -1 -1 89
202 622 375 819 872 921 -1 -1 -1 -1 812 892 315 450 235 508 673 -1 -1 62 741 595 -1 -1
669 701 675 896 915 566 632 647 850 237 303 144 396 476 732 877 331 922 858 818 186 917 416 28
49 -1 612 -1 -1 -1 814 -1 -1 271 -1 -1 -1 -1 698 -1 47 671 -1 -1 -1 -1 -1 -1
921 -1 627 -1 -1 918 -1 -1 496 -1 810 506 641 975 423 990 -1 -1 534 903 815 625 552 641
670 216 87 735 -1 407 816 -1 797 707 867 -1 -1 -1 498 503 446 302 872 648 -1 869 621 -1
-1 -1 -1 -1 -1 -1 -1 -1 -1 -1 -1 -1 -1 -1 -1 -1 -1 -1 -1 513 -1 817 982 -1
-1 56 -1 818 -1 194 938 254 544 -1 725 996 962 379 -1 48 909 277 -1 760 -1 258 401 -1
-1 -1 -1 -1 -1 -1 -1 -1 -1 -1 -1 -1 -1 -1 310 -1 -1 819 -1 -1 -1 -1 -1 -1
-1 -1 -1 -1 -1 -1 820 -1 -1 -1 -1 210 177 -1 -1 -1 814 -1 -1 -1 -1 -1 -1 -1
-1 -1 -1 -1 -1 -1 -1 -1 -1 -1 -1 989 452 -1 891 787 -1 -1 821 -1 -1 -1 -1 -1
978 526 829 50 880 782 956 37 107 172 92 658 82 449 813 556 413 246 710 535 717 328 904 19
789 -1 400 835 455 316 -1 294 823 -1 793 990 336 921 920 -1 7 980 702 474 566 48 -1 529
379 961 132 649 303 43 -1 529 144 -1 -1 136 796 534 440 947 778 36 627 -1 370 566 198 824
-1 -1 -1 -1 374 -1 630 -1 -1 -1 -1 -1 409 585 682 -1 116 784 253 -1 490 422 825 914
703 878 583 323 540 780 702 443 321 599 112 534 238 75 500 538 944 355 370 105 942 344 625 183
-1 -1 -1 -1 -1 -1 -1 -1 -1 827 -1 -1 666 -1 -1 -1 -1 -1 -1 -1 575 -1 -1 -1
75 828 -1 -1 637 180 942 450 157 418 966 -1 472 -1 -1 883 794 828 777 905 -1 -1 12 583
594 429 889 524 -1 215 -1 -1 381 867 627 96 903 -1 -1 309 -1 554 575 829 160 352 75 687
297 -1 501 518 922 600 413 -1 -1 -1 -1 -1 830 -1 -1 -1 -1 797 724 -1 -1 -1 -1 243
166 799 447 908 391 979 831 648 316 444 -1 76 909 833 132 650 357 -1 993 916 150 879 880 246
206 917 2 30 557 307 252 832 258 940 323 33 575 733 334 956 97 84 745 465 228 187 45 16
-1 -1 -1 -1 -1 -1 -1 833 -1 -1 -1 -1 -1 461 -1 625 -1 -1 965 -1 -1 -1 -1 -1
-1 114 -1 622 -1 476 334 446 -1 297 8 183 919 969 -1 -1 -1 834 -1 747 -1 -1 682 392
328 835 -1 -1 -1 277 399 -1 794 19 288 420 -1 -1 -1 969 548 152 -1 734 534 628 -1 -1
116 810 175 902 -1 791 -1 -1 569 -1 -1 930 267 896 255 244 -1 46 573 658 252 20 859 836
-1 425 837 -1 145 229 821 331 555 -1 588 803 652 707 -1 338 822 821 208 -1 712 79 55 880
18 30 216 42 449 -1 523 267 -1 -1 146 854 -1 -1 919 -1 -1 838 -1 -1 4 -1 734 228
-1 658 -1 500 722 839 343 48 936 -1 281 427 -1 -1 169 725 665 -1 927 -1 847 326 451 197
-1 682 -1 974 -1 -1 738 -1 82 203 -1 -1 -1 727 -1 910 762 -1 -1 -1 613 -1 -1 840
797 239 -1 888 165 704 -1 116 -1 328 998 -1 568 -1 117 823 841 937 569 418 736 473 562 137
32 197 960 998 287 853 562 208 890 531 618 263 365 784 270 85 481 333 123 127 16 843 649 373
-1 -1 -1 -1 -1 -1 -1 -1 -1 843 -1 -1 -1 -1 -1 -1 -1 -1 -1 -1 -1 -1 -1 -1
-1 982 -1 -1 -1 -1 -1 -1 -1 -1 400 -1 -1 -1 -1 -1 -1 -1 -1 844 -1 -1 -1 -1
914 794 938 207 -1 286 579 630 -1 761 772 845 -1 943 611 532 838 96 794 623 141 82 831 885
100 -1 -1 -1 -1 -1 -1 -1 -1 -1 -1 -1 -1 -1 -1 -1 -1 -1 -1 -1 846 -1 -1 -1
-1 -1 769 290 -1 404 750 927 -1 -1 69 338 -1 -1 -1 -1 -1 847 -1 414 989 -1 -1 114
-1 -1 -1 659 694 -1 416 -1 -1 848 -1 -1 -1 -1 -1 -1 -1 -1 -1 -1 850 -1 437 -1
355 68 151 252 504 496 849 658 358 773 345 797 332 745 912 226 520 545 132 953 463 612 448 330
305 646 -1 -1 -1 406 949 560 2 -1 -1 474 530 -1 710 -1 850 -1 -1 -1 -1 518 -1 116
978 -1 311 -1 -1 585 -1 65 658 -1 255 -1 951 -1 -1 923 431 -1 -1 -1 741 -1 851 240
998 226 -1 631 -1 853 718 541 -1 461 638 -1 343 -1 35 -1 241 852 -1 804 983 159 778 211
-1 -1 365 -1 -1 -1 876 -1 -1 -1 853 -1 -1 567 -1 -1 478 -1 -1 -1 -1 -1 452 -1
854 -1 369 182 -1 360 237 883 313 886 501 -1 -1 672 -1 336 101 98 475 -1 154 -1 545 528
855 158 682 283 423 -1 -1 328 540 -1 231 47 -1 692 -1 347 49 967 415 366 989 752 102 -1
56 -1 761 468 903 18 661 770 542 658 786 373 639 476 231 856 7 756 863 228 -1 156 641 992
-1 -1 -1 -1 -1 -1 -1 857 -1 -1 -1 460 -1 -1 -1 -1 -1 -1 -1 -1 969 -1 -1 593
985 -1 79 858 105 817 -1 -1 590 926 -1 -1 669 113 -1 50 -1 823 -1 -1 305 685 469 -1
-1 -1 -1 -1 -1 -1 -1 -1 -1 -1 -1 -1 -1 -1 859 -1 109 -1 -1 -1 -1 -1 -1 -1
335 -1 -1 -1 427 -1 -1 415 -1 -1 492 -1 -1 634 860 -1 -1 -1 377 339 -1 -1 -1 -1
982 882 -1 442 24 890 -1 153 657 -1 727 861 -1 194 -1 -1 798 15 -1 535 34 44 121 -1
501 538 63 64 223 459 334 35 119 673 226 557 400 940 557 285 457 862 478 676 509 62 455 484
944 -1 -1 -1 863 -1 -1 -1 -1 -1 -1 -1 -1 -1 -1 -1 -1 -1 -1 -1 884 -1 -1 -1
-1 -1 -1 422 864 -1 943 -1 -1 287 -1 -1 -1 -1 253 -1 309 889 -1 -1 -1 990 -1 888
-1 531 -1 187 -1 797 43 -1 -1 -1 -1 -1 308 -1 -1 -1 -1 -1 -1 -1 865 -1 -1 709
624 952 366 773 378 -1 196 866 711 737 -1 143 622 710 891 302 990 412 749 -1 953 990 -1 271
449 290 703 932 133 840 945 265 378 197 398 867 390 135 895 158 -1 2 692 751 869 594 91 -1
728 -1 868 838 525 709 -1 -1 -1 460 408 -1 -1 69 76 769 998 -1 -1 14 257 657 320 773
-1 -1 -1 587 -1 -1 194 -1 -1 814 -1 -1 -1 -1 -1 -1 -1 926 869 -1 -1 -1 -1 -1
-1 -1 944 -1 -1 -1 -1 -1 466 -1 -1 826 -1 870 -1 420 -1 -1 -1 -1 -1 -1 27 -1
680 126 754 539 617 724 766 154 854 807 615 979 185 941 543 372 193 221 198 588 128 52 950 53
312 979 255 398 108 931 -1 -1 511 872 13 196 582 178 789 641 489 -1 75 585 247 179 397 -1
636 839 267 104 247 144 -1 873 330 646 713 372 51 73 78 569 407 19 984 728 -1 800 -1 753
119 -1 -1 -1 -1 -1 -1 -1 483 557 874 -1 656 808 114 617 343 -1 -1 -1 -1 352 -1 351
-1 -1 -1 -1 875 -1 299 -1 306 -1 -1 284 -1 -1 28 433 -1 -1 -1 536 -1 -1 -1 -1
199 -1 440 -1 633 -1 693 72 -1 876 380 597 953 -1 -1 293 -1 -1 719 49 344 -1 35 -1
276 877 950 738 113 -1 -1 -1 841 994 -1 293 975 5 -1 419 -1 -1 48 722 716 -1 485 -1
-1 472 -1 34 316 -1 702 744 43 730 878 157 -1 324 923 -1 -1 134 678 743 -1 -1 882 863
538 652 125 163 -1 282 -1 -1 -1 68 -1 286 -1 179 879 -1 289 71 665 356 -1 607 321 515
626 863 432 503 746 21 -1 148 394 505 150 421 310 650 159 -1 109 400 977 842 880 475 722 730
806 881 -1 359 -1 -1 -1 304 788 723 -1 -1 -1 -1 -1 945 -1 790 309 -1 -1 -1 818 29
18 -1 -1 381 -1 -1 892 842 -1 -1 882 539 -1 -1 -1 580 -1 291 922 335 2 -1 -1 -1
779 107 381 241 242 77 496 975 -1 678 424 94 588 680 159 863 400 752 735 442 883 538 705 89
-1 -1 -1 -1 -1 -1 -1 -1 -1 -1 -1 -1 -1 -1 554 -1 928 -1 884 -1 -1 -1 -1 -1
-1 885 105 -1 -1 -1 251 -1 557 513 677 -1 493 992 100 -1 -1 -1 -1 -1 222 -1 466 -1
377 399 634 700 443 -1 212 438 244 -1 578 487 -1 342 312 703 -1 239 672 653 -1 886 133 450
583 760 501 780 468 161 904 460 84 562 -1 887 456 447 273 600 5 294 426 89 249 128 924 -1
-1 -1 -1 255 888 -1 837 -1 -1 365 705 772 -1 -1 -1 860 -1 -1 -1 951 625 813 -1 689
-1 38 -1 -1 889 -1 -1 -1 -1 710 970 -1 890 958 -1 -1 784 -1 475 236 -1 823 436 -1
286 466 890 -1 -1 -1 -1 -1 -1 -1 -1 -1 506 -1 -1 631 -1 -1 945 256 959 546 354 -1
816 71 235 -1 -1 340 -1 -1 883 613 451 -1 891 397 18 -1 793 56 373 706 956 838 599 713
-1 -1 -1 -1 -1 892 113 -1 -1 37 -1 -1 -1 -1 -1 81 -1 862 -1 972 -1 -1 -1 -1
808 661 2 829 -1 306 -1 -1 -1 433 857 -1 761 893 865 622 491 -1 -1 -1 -1 -1 138 -1
323 78 702 281 477 788 822 205 456 356 398 633 113 500 894 242 780 705 325 270 646 149 518 776
270 -1 980 642 559 501 10 460 200 713 545 815 -1 750 487 141 303 895 195 -1 888 756 239 679
188 616 536 339 896 635 202 199 195 914 -1 516 789 856 862 609 138 310 671 6 487 872 925 202
-1 256 119 897 -1 754 918 -1 -1 -1 -1 773 973 -1 391 -1 -1 -1 282 495 -1 -1 -1 -1
-1 876 -1 106 670 -1 -1 -1 -1 -1 -1 -1 -1 -1 -1 -1 -1 898 -1 -1 -1 -1 -1 -1
-1 -1 -1 -1 -1 899 -1 -1 -1 72 -1 -1 -1 -1 -1 -1 376 418 159 -1 -1 468 -1 -1
-1 624 900 507 -1 835 797 707 739 262 351 693 475 780 137 525 579 616 -1 710 -1 86 256 668
491 -1 261 723 -1 579 -1 953 453 -1 901 -1 572 444 -1 972 -1 999 801 103 215 -1 -1 -1
814 -1 -1 272 -1 -1 -1 -1 -1 -1 -1 -1 902 -1 -1 -1 -1 -1 -1 -1 -1 -1 -1 -1
379 -1 48 -1 -1 -1 -1 -1 678 -1 -1 -1 -1 390 -1 -1 404 -1 -1 -1 490 903 134 -1
57 -1 -1 -1 -1 -1 -1 -1 -1 -1 -1 -1 -1 -1 863 -1 -1 -1 -1 -1 -1 -1 860 904
-1 135 -1 954 -1 -1 846 4 931 84 257 -1 905 216 -1 74 -1 -1 -1 -1 86 -1 -1 277
296 -1 -1 22 -1 -1 -1 -1 -1 605 718 355 607 905 41 177 509 906 690 -1 204 824 471 -1
-1 518 562 302 -1 709 994 915 -1 544 776 -1 -1 -1 907 -1 -1 -1 764 -1 -1 -1 990 284
-1 -1 354 -1 -1 15 -1 -1 -1 -1 -1 -1 -1 -1 908 -1 -1 -1 -1 -1 -1 -1 -1 -1
779 456 536 676 1 975 96 402 631 407 910 628 646 259 971 222 251 786 951 83 100 836 774 648
-1 -1 -1 -1 -1 -1 167 -1 -1 6 388 -1 320 -1 -1 -1 -1 910 -1 -1 -1 -1 -1 -1
-1 -1 -1 -1 -1 -1 -1 -1 -1 -1 -1 -1 -1 -1 -1 911 413 -1 -1 -1 -1 -1 -1 -1
-1 -1 -1 -1 -1 -1 46 -1 -1 -1 -1 -1 -1 -1 -1 995 -1 -1 -1 -1 161 912 765 -1
-1 -1 776 -1 -1 -1 -1 913 -1 -1 -1 -1 -1 -1 230 -1 62 47 -1 -1 -1 -1 478 -1
843 -1 914 760 448 -1 -1 266 351 869 99 931 -1 674 -1 -1 -1 -1 -1 -1 -1 -1 764 -1
134 204 661 990 767 434 627 834 201 357 -1 54 657 216 221 355 984 666 141 96 186 654 915 491
418 -1 921 318 330 386 793 -1 685 412 746 672 670 759 116 393 275 916 733 -1 335 705 137 454
780 917 -1 -1 638 -1 -1 -1 -1 912 -1 -1 -1 602 -1 -1 -1 -1 -1 938 -1 -1 32 -1
-1 844 431 918 -1 45 331 620 483 -1 201 985 600 624 -1 248 520 976 528 187 101 580 267 303
-1 -1 -1 749 251 859 -1 910 920 293 -1 -1 266 357 52 235 919 963 -1 852 -1 631 922 157
-1 681 260 -1 -1 920 -1 -1 425 455 -1 171 -1 -1 -1 -1 -1 -1 -1 -1 -1 688 674 -1
-1 -1 272 508 39 681 -1 -1 134 -1 946 246 290 -1 921 -1 -1 -1 -1 -1 876 -1 -1 -1
860 538 804 84 -1 526 126 833 520 305 775 922 732 697 972 -1 820 46 629 660 836 376 35 114
-1 -1 -1 407 128 -1 502 -1 240 -1 -1 410 101 295 923 -1 -1 343 898 -1 -1 -1 -1 -1
291 -1 706 452 0 940 -1 235 924 349 985 91 659 -1 -1 709 -1 693 144 936 -1 -1 928 -1
-1 -1 -1 -1 375 -1 -1 -1 -1 -1 -1 -1 -1 -1 -1 -1 -1 -1 925 -1 -1 -1 -1 -1
933 -1 849 -1 907 -1 943 -1 -1 -1 860 565 124 -1 -1 -1 798 -1 -1 -1 -1 926 -1 -1
-1 -1 -1 -1 -1 -1 -1 -1 -1 -1 -1 -1 -1 927 -1 -1 -1 -1 -1 -1 -1 -1 -1 -1
648 666 618 -1 382 139 207 397 354 928 864 20 285 -1 772 -1 877 939 -1 171 502 215 -1 -1
473 -1 582 438 897 -1 810 347 66 929 461 613 199 -1 26 -1 861 638 507 102 91 314 837 -1
171 154 -1 -1 -1 930 626 32 413 188 -1 -1 -1 681 342 880 130 90 1 -1 829 548 -1 434
-1 -1 -1 -1 -1 684 -1 -1 -1 -1 -1 931 -1 -1 -1 -1 -1 -1 -1 -1 -1 -1 -1 -1
-1 -1 -1 -1 -1 -1 -1 341 600 -1 -1 -1 264 -1 787 -1 -1 -1 -1 -1 -1 -1 932 -1
933 92 447 663 917 433 547 799 985 305 874 541 395 290 942 753 671 762 710 466 270 407 983 803
322 873 -1 -1 -1 736 17 -1 407 784 241 -1 -1 -1 -1 934 -1 859 456 -1 -1 -1 701 -1
994 -1 944 410 834 -1 234 656 -1 453 195 935 57 683 382 976 905 272 511 145 806 672 297 417
384 397 20 537 179 141 714 267 408 51 939 184 931 118 800 678 346 650 551 496 946 568 482 819
554 -1 764 -1 -1 -1 -1 -1 -1 -1 937 -1 -1 -1 -1 -1 -1 990 -1 -1 -1 -1 -1 28
-1 -1 682 -1 938 858 -1 -1 -1 -1 26 605 -1 771 -1 -1 971 -1 -1 -1 -1 381 38 -1
-1 -1 -1 939 -1 287 -1 110 -1 -1 342 322 -1 -1 -1 -1 -1 -1 -1 -1 304 56 -1 -1
-1 607 -1 940 -1 -1 -1 988 -1 -1 -1 -1 232 -1 -1 -1 -1 -1 -1 -1 -1 46 -1 -1
-1 941 -1 -1 -1 -1 46 -1 -1 -1 -1 273 -1 -1 504 -1 -1 -1 755 -1 -1 -1 -1 -1
47 969 86 391 283 845 107 848 610 898 687 59 970 683 617 971 657 434 361 773 348 942 448 176
540 -1 -1 -1 -1 485 -1 58 -1 943 -1 -1 -1 -1 -1 98 902 -1 -1 304 -1 -1 -1 564
-1 337 -1 675 156 -1 102 801 500 704 -1 736 -1 282 770 944 995 -1 -1 282 16 695 -1 348
-1 -1 -1 763 -1 -1 -1 -1 -1 -1 -1 -1 945 -1 -1 -1 -1 596 -1 -1 -1 -1 -1 -1
-1 946 944 481 960 158 -1 -1 883 551 764 231 -1 708 581 904 646 -1 -1 -1 796 46 -1 366
-1 -1 -1 945 -1 405 519 -1 -1 -1 -1 -1 -1 803 842 -1 -1 -1 947 -1 -1 -1 -1 -1
-1 -1 -1 -1 -1 948 -1 -1 -1 -1 662 -1 -1 -1 491 -1 -1 -1 -1 -1 -1 -1 -1 -1
322 374 385 542 115 22 570 148 752 64 526 738 678 782 57 518 949 449 545 356 446 775 466 450
-1 -1 -1 550 152 -1 439 -1 528 -1 950 -1 -1 945 -1 -1 374 -1 -1 -1 488 731 983 -1
346 603 920 358 -1 239 348 -1 -1 -1 38 -1 -1 332 545 -1 -1 205 -1 218 951 -1 835 -1
842 428 990 952 998 899 469 603 524 717 676 456 680 778 97 726 98 692 75 328 571 328 542 739
384 -1 -1 240 987 34 -1 190 -1 67 370 142 -1 298 -1 -1 824 100 522 953 678 153 48 396
443 581 -1 -1 -1 -1 100 -1 900 -1 808 518 -1 -1 542 -1 -1 -1 954 -1 -1 994 380 -1
855 423 707 630 -1 174 -1 -1 598 993 972 955 -1 797 879 800 16 661 -1 155 -1 -1 15 -1
-1 101 178 571 480 475 956 -1 -1 -1 731 567 -1 -1 974 940 -1 499 633 852 -1 -1 -1 -1
-1 905 376 -1 921 20 875 732 -1 556 758 -1 637 690 -1 765 957 -1 -1 -1 694 -1 -1 -1
31 385 -1 654 698 193 479 958 222 970 341 -1 20 218 -1 29 -1 -1 -1 -1 567 -1 882 423
208 985 125 -1 -1 -1 -1 -1 -1 959 401 -1 120 -1 334 -1 811 -1 697 -1 125 566 570 -1
315 -1 964 932 620 509 402 611 -1 329 790 -1 512 939 306 79 834 960 -1 838 52 203 845 862
439 531 30 817 961 -1 697 611 -1 808 -1 90 581 -1 663 788 334 -1 442 -1 199 962 263 983
664 504 180 953 922 -1 494 740 312 694 454 73 962 158 422 413 -1 -1 245 413 945 -1 370 162
964 -1 963 -1 511 -1 55 -1 984 891 105 -1 -1 49 -1 260 -1 279 -1 994 -1 -1 478 872
539 265 990 291 953 236 623 253 -1 -1 82 -1 -1 -1 -1 434 926 647 964 719 320 -1 357 721
286 -1 80 -1 967 318 -1 -1 -1 965 1 -1 946 -1 688 -1 -1 -1 -1 -1 -1 -1 -1 -1
501 821 177 463 689 300 238 578 215 972 692 267 611 286 154 694 582 560 221 714 110 966 91 896
432 -1 615 -1 -1 769 703 243 -1 487 410 -1 -1 967 929 -1 -1 -1 -1 659 938 971 84 811
382 511 185 -1 378 -1 -1 -1 -1 56 -1 574 -1 238 -1 -1 -1 203 701 977 -1 968 -1 106
-1 -1 -1 -1 969 -1 -1 -1 -1 -1 104 -1 735 -1 827 -1 408 -1 790 -1 -1 -1 -1 -1
-1 -1 549 -1 -1 897 339 170 -1 72 443 535 275 95 854 958 -1 -1 -1 464 970 -1 318 -1
-1 -1 269 -1 5 -1 107 971 497 91 -1 -1 326 533 145 874 931 -1 371 823 62 427 135 -1
699 -1 -1 0 406 719 140 125 136 589 -1 849 972 219 275 996 622 75 635 276 469 996 574 13
-1 973 372 -1 -1 194 -1 -1 -1 -1 -1 644 633 -1 -1 -1 -1 -1 -1 -1 -1 -1 475 -1
511 -1 424 452 -1 -1 12 -1 940 -1 -1 138 761 894 854 820 -1 -1 -1 974 -1 518 -1 -1
79 -1 484 352 975 496 -1 -1 -1 -1 214 -1 -1 -1 -1 734 917 -1 -1 377 -1 -1 -1 -1
-1 976 -1 -1 -1 -1 -1 -1 -1 -1 -1 -1 -1 -1 -1 -1 -1 -1 -1 -1 -1 -1 -1 -1
-1 -1 -1 -1 -1 -1 -1 -1 -1 -1 -1 -1 606 -1 -1 -1 -1 -1 113 -1 -1 977 -1 82
-1 -1 149 -1 567 -1 -1 -1 -1 -1 -1 -1 -1 977 -1 329 -1 26 -1 978 -1 -1 -1 -1
-1 -1 -1 -1 979 -1 -1 -1 793 -1 -1 -1 366 -1 -1 -1 -1 224 -1 277 -1 990 -1 -1
-1 -1 -1 -1 -1 -1 -1 -1 980 -1 -1 -1 -1 -1 -1 -1 -1 -1 -1 -1 -1 -1 -1 -1
-1 -1 -1 -1 -1 191 235 -1 -1 164 -1 -1 -1 48 573 981 -1 -1 -1 983 -1 -1 -1 -1
803 730 616 306 -1 769 551 673 -1 -1 812 277 767 982 -1 335 -1 962 398 924 457 -1 494 -1
564 -1 -1 -1 187 -1 -1 -1 -1 -1 -1 -1 -1 -1 604 -1 262 983 -1 -1 -1 -1 -1 -1
-1 -1 -1 -1 -1 -1 218 -1 -1 -1 -1 -1 -1 679 -1 -1 -1 -1 984 -1 -1 -1 -1 -1
305 823 246 381 43 832 353 517 207 561 169 468 11 297 818 36 609 579 693 901 985 279 995 564
-1 818 -1 851 226 -1 236 894 370 883 195 821 730 918 742 -1 445 860 338 986 895 614 259 569
-1 71 -1 843 -1 -1 557 -1 -1 19 93 434 359 324 -1 -1 -1 -1 -1 -1 987 -1 -1 -1
245 217 509 803 183 365 834 697 -1 -1 985 612 798 285 223 530 988 613 732 441 208 611 707 624
989 805 -1 -1 -1 -1 -1 -1 -1 -1 -1 -1 -1 -1 -1 -1 -1 -1 -1 -1 -1 -1 -1 -1
990 -1 -1 224 -1 91 226 625 -1 -1 -1 -1 197 -1 -1 -1 -1 -1 -1 -1 -1 -1 -1 -1
642 347 423 101 601 43 493 503 147 133 695 40 921 229 855 391 285 406 225 738 440 283 586 153
-1 -1 -1 -1 -1 992 -1 -1 -1 -1 -1 -1 -1 -1 -1 -1 -1 -1 -1 -1 -1 -1 -1 -1
759 815 -1 -1 571 760 15 541 121 -1 995 993 470 653 231 913 119 923 212 834 600 134 200 106
-1 708 214 61 994 -1 -1 615 -1 833 859 909 -1 -1 721 -1 450 534 -1 141 -1 -1 -1 -1
166 24 669 -1 -1 26 -1 848 620 -1 409 362 909 -1 -1 -1 528 -1 995 295 140 183 358 784
771 868 685 26 473 587 981 134 491 160 415 666 337 886 511 279 576 765 752 390 451 758 230 776
-1 -1 -1 -1 -1 173 -1 -1 -1 -1 131 -1 -1 -1 -1 533 -1 502 -1 -1 257 997 -1 27
-1 593 -1 -1 891 -1 380 -1 712 -1 -1 929 981 -1 -1 -1 -1 -1 -1 -1 998 -1 -1 -1
-1 -1 999 -1 -1 615 682 -1 -1 -1 -1 -1 538 277 -1 -1 -1 -1 662 -1 -1 -1 -1 -1
0 66 615 972 569 403 120 730 474 796 989
bbbbbbbbbbbbbbbbbbbbbbbbbbbbbbbbbbbbbbbbbbbbbbbbbbbbbbbbbbbbbbbbbbbbbbbbbbbbbbbbbbbbbbbbbbbbbbbbbbbb