1000 24 11
548 0 572 14 639 737 234 425 164 819 290 652 724 77 411 642 36 546 455 267 145 198 398 150
598 824 140 229 413 556 521 193 445 290 629 100 758 882 754 622 599 531 1 594 189 252 439 911
-1 -1 2 142 -1 233 -1 317 -1 -1 721 148 25 476 248 924 -1 -1 98 44 978 149 -1 262
49 3 -1 691 479 -1 -1 -1 -1 -1 -1 39 369 -1 -1 -1 -1 -1 52 848 607 -1 474 796
480 -1 -1 634 -1 -1 157 561 599 -1 -1 727 4 502 614 -1 -1 -1 800 574 542 172 -1 138
512 -1 5 -1 184 18 387 46 657 -1 -1 -1 570 -1 -1 170 868 -1 -1 -1 -1 358 -1 320
-1 -1 -1 -1 745 -1 -1 6 -1 -1 -1 464 -1 -1 -1 -1 -1 -1 -1 -1 -1 -1 896 -1
921 361 -1 828 218 128 -1 742 -1 974 903 352 287 -1 671 -1 212 720 7 -1 -1 -1 123 828
-1 -1 -1 -1 -1 -1 -1 -1 -1 586 -1 -1 -1 -1 -1 8 -1 -1 -1 -1 -1 -1 -1 628
-1 -1 -1 -1 844 469 37 575 -1 334 -1 -1 -1 9 638 152 -1 -1 776 678 932 462 400 727
338 126 850 -1 146 10 515 529 362 859 211 655 589 -1 318 151 318 394 763 723 -1 102 804 809
177 -1 -1 -1 21 623 169 -1 -1 -1 -1 904 -1 -1 960 -1 376 11 323 -1 723 484 220 -1
-1 -1 169 55 -1 -1 -1 360 -1 -1 236 -1 -1 694 -1 387 12 -1 -1 202 499 -1 -1 -1
951 -1 712 143 -1 770 254 378 13 615 431 12 260 593 101 568 783 751 130 638 958 390 -1 531
890 207 818 -1 -1 -1 -1 -1 506 -1 379 14 -1 -1 -1 998 465 -1 134 512 -1 -1 945 -1
-1 -1 -1 -1 -1 -1 -1 -1 -1 949 -1 -1 -1 592 -1 -1 15 -1 -1 515 -1 -1 -1 -1
-1 298 42 281 449 496 399 -1 -1 800 -1 -1 216 -1 -1 -1 16 520 -1 548 424 -1 161 -1
-1 -1 -1 -1 -1 -1 -1 -1 17 -1 -1 766 170 -1 -1 -1 -1 -1 423 -1 -1 -1 -1 -1
-1 -1 -1 -1 -1 -1 -1 -1 -1 -1 18 -1 -1 -1 -1 -1 -1 -1 -1 -1 -1 -1 -1 -1
475 235 172 -1 -1 859 392 843 -1 870 -1 127 47 922 -1 -1 -1 806 -1 255 54 19 537 -1
-1 -1 -1 -1 -1 -1 -1 -1 -1 -1 -1 -1 -1 -1 -1 -1 -1 20 -1 -1 -1 -1 -1 -1
-1 -1 362 -1 265 940 -1 710 -1 -1 802 406 51 158 -1 794 691 297 567 -1 120 -1 21 -1
508 24 417 -1 22 970 535 91 50 407 22 724 473 843 883 -1 152 272 544 938 994 514 434 595
952 500 509 108 361 808 497 275 5 271 918 134 786 426 964 752 216 830 188 23 163 907 693 949
-1 -1 -1 -1 -1 -1 495 616 -1 -1 722 892 602 -1 -1 139 -1 -1 24 -1 -1 816 -1 414
-1 -1 222 -1 848 -1 25 -1 -1 -1 -1 -1 53 -1 -1 -1 570 -1 -1 -1 -1 -1 -1 -1
-1 26 -1 -1 -1 -1 -1 -1 -1 71 -1 -1 511 -1 194 -1 555 -1 -1 -1 -1 624 -1 -1
864 735 -1 -1 -1 -1 -1 29 27 658 962 72 276 185 184 -1 605 882 342 -1 -1 209 260 318
-1 -1 -1 -1 -1 -1 -1 -1 -1 -1 -1 -1 28 -1 -1 -1 -1 -1 -1 -1 -1 -1 -1 -1
-1 -1 29 -1 -1 -1 -1 -1 -1 -1 -1 -1 -1 -1 -1 -1 -1 -1 -1 -1 -1 -1 -1 -1
804 100 72 262 405 -1 722 95 48 524 549 498 355 397 168 649 241 357 263 878 30 61 529 929
-1 802 -1 -1 -1 -1 893 -1 31 -1 -1 -1 -1 -1 -1 -1 -1 -1 -1 -1 -1 -1 -1 -1
83 619 478 535 20 26 765 166 753 3 429 763 528 238 193 878 294 472 742 544 396 438 9 137
-1 880 464 -1 118 625 857 194 119 780 642 567 378 266 57 243 165 268 859 636 146 784 33 468
45 65 112 580 832 825 299 39 728 979 164 714 461 34 9 798 783 747 362 499 833 883 87 496
35 658 -1 305 485 -1 -1 949 461 -1 577 122 679 957 -1 494 73 -1 676 953 658 508 -1 806
-1 -1 -1 -1 442 671 139 133 -1 528 -1 -1 -1 36 -1 -1 139 -1 -1 668 476 620 -1 -1
-1 -1 -1 337 -1 742 37 -1 32 992 644 -1 -1 -1 -1 -1 -1 -1 -1 -1 882 460 467 -1
346 158 45 482 143 505 593 69 9 762 931 219 447 337 441 832 110 543 317 861 422 549 38 275
39 -1 -1 -1 -1 -1 -1 -1 8 -1 -1 -1 -1 -1 -1 -1 -1 105 -1 -1 -1 -1 -1 731
-1 498 -1 787 883 982 -1 20 89 794 -1 40 -1 -1 -1 663 -1 -1 -1 352 55 522 879 776
447 666 521 -1 -1 810 430 733 405 667 -1 41 -1 952 271 734 -1 178 183 430 461 31 79 70
-1 -1 -1 -1 392 489 321 704 962 267 -1 589 42 498 841 73 -1 237 157 935 816 578 -1 363
-1 -1 123 -1 -1 -1 -1 -1 443 43 -1 -1 650 797 -1 787 -1 -1 -1 522 -1 -1 -1 -1
138 -1 -1 -1 754 -1 853 -1 -1 -1 -1 554 -1 -1 -1 -1 44 -1 -1 -1 961 650 -1 -1
719 545 31 160 13 538 202 713 797 206 113 422 -1 331 476 45 683 -1 628 97 16 761 534 716
440 515 811 909 663 827 410 769 584 616 510 645 343 304 457 995 603 586 451 707 704 370 821 274
873 656 486 -1 534 110 889 -1 -1 519 47 551 -1 394 -1 -1 198 -1 -1 22 386 460 -1 581
-1 -1 -1 -1 -1 311 -1 -1 -1 -1 -1 449 -1 -1 -1 -1 -1 -1 -1 995 48 -1 -1 586
118 -1 826 978 968 -1 -1 -1 -1 -1 -1 464 930 49 407 -1 -1 -1 684 -1 983 234 438 -1
-1 -1 -1 -1 -1 -1 -1 -1 -1 50 -1 -1 40 -1 -1 -1 257 -1 -1 -1 851 -1 940 612
51 -1 -1 -1 -1 -1 -1 -1 -1 -1 -1 -1 -1 -1 -1 -1 -1 -1 -1 -1 -1 -1 -1 -1
317 484 101 599 -1 164 52 552 730 425 91 552 894 71 -1 447 184 544 190 57 924 65 926 315
-1 -1 -1 -1 271 -1 -1 -1 -1 939 -1 53 -1 -1 -1 264 -1 -1 -1 -1 -1 -1 680 -1
457 794 394 54 563 210 556 151 586 658 609 141 119 577 800 91 336 763 80 371 956 211 602 764
-1 -1 -1 -1 -1 -1 668 -1 -1 155 -1 -1 -1 55 -1 -1 459 -1 -1 -1 -1 -1 -1 -1
877 56 541 -1 -1 -1 -1 -1 -1 804 -1 499 -1 758 890 -1 -1 -1 -1 -1 -1 -1 -1 238
39 -1 670 830 440 512 409 913 602 494 774 256 271 609 340 34 191 397 57 754 626 -1 977 227
-1 -1 -1 -1 -1 -1 -1 -1 -1 -1 -1 -1 -1 -1 58 -1 -1 -1 -1 -1 -1 -1 -1 -1
-1 141 -1 -1 -1 945 233 -1 -1 -1 -1 -1 507 593 59 800 -1 379 -1 -1 164 -1 955 564
-1 697 -1 -1 -1 446 -1 -1 813 621 -1 498 172 922 60 -1 -1 143 535 -1 391 342 -1 160
332 -1 -1 -1 63 -1 -1 -1 -1 837 -1 7 946 61 -1 -1 -1 553 -1 312 -1 144 -1 -1
402 60 874 -1 447 465 850 606 25 12 902 720 59 31 463 819 62 582 440 846 57 447 260 437
-1 689 618 830 -1 106 812 63 891 -1 -1 783 482 -1 -1 467 273 -1 842 -1 -1 -1 46 316
761 731 330 498 627 961 190 692 551 819 50 850 64 171 853 974 210 650 670 245 972 130 374 67
-1 -1 -1 625 65 -1 -1 942 -1 -1 799 492 547 -1 -1 -1 -1 -1 -1 -1 -1 -1 -1 -1
-1 429 440 -1 672 -1 103 124 318 -1 365 -1 82 -1 -1 458 899 -1 616 737 -1 460 66 -1
-1 -1 69 -1 -1 -1 -1 -1 303 67 703 -1 -1 102 -1 -1 -1 -1 388 662 -1 -1 -1 816
997 68 443 42 825 331 470 489 798 334 353 217 742 34 840 763 913 740 36 837 874 317 907 870
215 339 399 163 520 892 237 202 69 505 820 615 -1 810 305 851 8 140 765 690 158 310 993 957
-1 -1 -1 -1 -1 -1 -1 -1 -1 70 -1 -1 -1 -1 -1 -1 -1 -1 -1 -1 -1 -1 -1 -1
-1 -1 -1 -1 -1 -1 815 -1 -1 -1 -1 -1 -1 -1 -1 71 -1 -1 -1 -1 -1 -1 -1 -1
-1 -1 -1 -1 72 -1 -1 -1 434 -1 -1 -1 -1 -1 -1 -1 796 -1 -1 -1 859 -1 -1 -1
-1 903 28 -1 -1 -1 73 -1 -1 -1 841 -1 889 269 296 860 463 413 531 701 -1 -1 -1 451
786 498 74 156 401 797 344 652 -1 690 356 483 102 161 593 315 652 349 529 935 173 750 217 22
665 75 -1 173 -1 401 527 -1 922 72 868 -1 107 -1 -1 433 -1 142 200 881 195 919 -1 -1
528 735 380 405 659 154 -1 -1 -1 770 448 369 402 -1 76 -1 996 145 142 -1 179 508 335 -1
730 291 852 832 657 399 570 686 855 264 702 122 76 459 575 662 73 363 682 447 920 858 306 684
-1 -1 -1 78 -1 -1 -1 -1 -1 459 -1 -1 -1 -1 -1 -1 -1 -1 -1 -1 -1 -1 -1 -1
760 -1 -1 -1 2 65 139 -1 649 34 -1 -1 472 -1 -1 376 745 -1 -1 -1 973 -1 79 -1
899 -1 665 -1 -1 -1 481 911 -1 -1 -1 -1 -1 105 320 428 80 -1 461 -1 625 940 -1 -1
-1 824 513 -1 468 -1 -1 -1 -1 -1 81 742 733 -1 -1 -1 -1 629 -1 -1 -1 -1 -1 632
-1 -1 -1 -1 906 974 487 526 195 212 -1 860 -1 428 -1 867 271 -1 517 136 345 648 -1 82
936 -1 -1 622 -1 444 83 912 -1 686 -1 -1 -1 582 -1 -1 310 -1 -1 -1 -1 -1 -1 -1
521 568 765 712 499 635 327 84 74 542 458 165 564 24 78 620 911 969 770 717 226 154 643 697
177 360 85 345 351 363 365 460 317 500 258 526 599 283 234 500 26 539 -1 402 331 225 981 382
-1 336 692 26 -1 -1 761 -1 -1 426 -1 365 487 788 615 852 597 -1 535 320 820 590 261 86
154 11 811 391 360 192 610 846 -1 750 -1 87 221 995 469 613 387 -1 893 228 893 611 205 770
473 344 -1 -1 393 -1 -1 809 -1 90 419 520 462 88 851 -1 147 705 57 363 -1 554 -1 773
19 -1 -1 660 -1 89 36 133 -1 800 -1 -1 -1 532 148 -1 -1 -1 753 786 268 -1 665 541
352 415 -1 -1 342 670 330 -1 -1 27 260 -1 -1 187 -1 96 338 413 840 260 90 973 -1 742
-1 950 -1 417 139 91 289 214 45 281 -1 94 -1 120 -1 459 25 -1 -1 -1 529 -1 185 -1
290 88 92 883 483 870 356 -1 334 197 -1 -1 -1 754 915 483 787 -1 335 707 266 202 592 319
934 -1 771 728 40 233 93 636 139 -1 95 72 105 210 522 621 827 543 358 202 335 96 577 395
759 187 639 964 899 147 247 77 917 28 528 829 320 267 651 991 842 773 54 35 354 428 94 987
174 350 136 875 931 318 224 573 329 95 802 850 910 781 988 653 239 798 611 625 783 5 114 197
407 823 173 79 561 -1 97 143 99 441 96 738 176 178 -1 -1 619 -1 795 398 361 190 255 477
577 476 861 311 289 873 496 945 598 752 682 890 311 97 -1 596 41 410 521 -1 442 622 106 954
122 683 98 -1 17 604 196 905 -1 338 998 -1 -1 187 893 -1 741 574 -1 184 -1 -1 -1 -1
591 684 11 309 849 540 -1 719 744 905 376 -1 375 -1 319 -1 699 954 99 52 348 355 852 917
279 476 100 433 41 904 78 744 711 897 636 313 771 528 744 102 644 754 543 835 853 251 900 499
436 -1 -1 -1 -1 101 -1 -1 -1 594 767 -1 -1 -1 476 794 860 -1 -1 -1 -1 -1 473 -1
766 102 360 513 876 34 693 996 825 390 143 702 959 831 387 85 741 -1 482 983 898 -1 595 109
40 722 637 512 168 357 494 674 608 47 216 169 226 120 833 549 513 869 66 817 7 270 445 606
690 -1 -1 -1 969 615 -1 -1 497 -1 -1 786 75 -1 -1 104 250 -1 852 -1 -1 502 -1 772
323 -1 322 -1 -1 -1 -1 426 -1 -1 254 -1 105 63 -1 -1 510 -1 632 867 -1 -1 -1 -1
575 308 18 50 391 106 680 370 429 500 776 178 343 682 167 151 -1 988 468 230 749 622 -1 126
785 345 -1 338 572 464 469 721 651 699 699 -1 -1 29 887 975 107 566 514 477 824 874 29 -1
-1 -1 801 -1 -1 -1 -1 -1 -1 -1 986 108 -1 -1 -1 -1 -1 -1 -1 -1 865 -1 832 -1
-1 -1 203 147 109 262 776 772 157 -1 39 900 -1 310 623 691 -1 26 302 190 24 585 655 683
430 759 634 448 854 906 266 262 676 882 102 559 689 59 354 122 -1 503 -1 110 459 -1 -1 18
-1 -1 -1 -1 -1 -1 -1 -1 -1 -1 -1 -1 -1 -1 -1 -1 -1 -1 -1 -1 111 -1 -1 -1
203 668 956 725 564 -1 212 338 -1 728 117 901 923 -1 941 519 -1 361 112 359 -1 453 -1 -1
-1 -1 703 -1 492 841 57 306 3 265 533 -1 -1 -1 694 860 -1 46 -1 -1 113 755 -1 -1
91 114 701 -1 450 423 -1 923 731 948 900 370 253 344 -1 -1 642 355 135 392 679 422 313 292
651 251 174 -1 -1 -1 402 349 600 627 115 -1 852 -1 389 24 467 504 -1 390 472 653 -1 511
9 622 370 501 584 60 806 120 949 667 564 568 641 31 -1 204 96 116 216 985 268 380 -1 -1
856 -1 905 -1 640 -1 552 -1 -1 649 -1 -1 -1 419 -1 -1 -1 -1 567 -1 117 134 579 -1
167 976 185 -1 -1 -1 -1 -1 409 118 -1 526 384 -1 234 545 277 -1 -1 990 15 -1 792 -1
-1 -1 -1 -1 -1 -1 -1 -1 -1 -1 -1 -1 119 -1 -1 -1 -1 -1 -1 -1 -1 -1 -1 -1
-1 -1 559 -1 -1 266 -1 -1 -1 901 715 -1 159 345 120 -1 624 955 83 -1 58 -1 730 13
246 21 819 -1 -1 -1 810 -1 530 643 -1 275 -1 -1 952 888 575 -1 121 538 568 343 716 410
195 -1 -1 -1 -1 966 463 958 243 253 768 444 -1 877 -1 366 -1 614 196 606 122 134 666 -1
233 8 908 712 746 481 791 312 715 681 319 913 828 681 731 123 151 108 408 236 999 -1 288 590
12 526 172 465 906 552 365 927 991 452 598 -1 175 458 243 766 124 863 703 38 225 640 -1 -1
370 -1 89 -1 113 659 210 215 -1 611 505 914 147 -1 -1 44 250 146 -1 131 332 125 -1 -1
595 965 126 855 678 207 29 357 553 85 229 709 33 206 -1 194 296 666 -1 552 847 202 931 995
-1 127 -1 892 -1 365 -1 -1 -1 830 -1 -1 164 679 -1 -1 241 276 -1 -1 606 944 -1 -1
-1 -1 -1 -1 -1 -1 -1 -1 -1 -1 -1 -1 -1 -1 -1 128 -1 282 -1 -1 20 -1 -1 -1
234 -1 -1 91 -1 906 -1 519 391 822 353 -1 79 129 600 394 723 476 -1 464 659 110 907 326
397 637 -1 -1 -1 957 173 585 -1 130 -1 716 616 -1 -1 -1 165 -1 425 -1 377 -1 -1 20
-1 993 813 402 780 197 872 4 889 -1 477 903 522 643 131 763 131 737 170 965 854 906 550 -1
-1 -1 855 -1 912 -1 -1 -1 -1 -1 -1 522 132 -1 509 -1 -1 -1 -1 753 -1 437 -1 132
-1 -1 -1 716 -1 -1 -1 396 225 -1 -1 -1 -1 -1 -1 -1 -1 133 -1 200 -1 699 -1 471
-1 134 -1 430 907 -1 -1 -1 -1 502 -1 -1 -1 -1 -1 -1 -1 -1 -1 -1 489 865 -1 -1
-1 -1 446 -1 974 237 -1 -1 185 135 914 -1 -1 -1 -1 -1 -1 -1 835 -1 -1 -1 -1 655
-1 -1 -1 -1 -1 -1 -1 -1 -1 -1 -1 -1 -1 136 -1 -1 -1 -1 -1 -1 -1 -1 -1 -1
-1 167 137 -1 -1 -1 -1 -1 -1 258 654 -1 -1 -1 472 713 315 901 -1 802 816 815 -1 -1
940 147 247 -1 209 138 441 523 -1 595 85 -1 495 923 23 630 47 -1 386 508 318 626 682 639
-1 -1 -1 -1 -1 -1 139 160 -1 -1 -1 -1 66 -1 -1 -1 -1 553 -1 -1 -1 -1 -1 -1
226 747 180 17 795 749 415 352 44 955 258 439 564 414 979 729 436 750 171 140 481 834 879 902
-1 -1 -1 -1 -1 381 -1 -1 359 501 873 141 864 -1 -1 -1 -1 -1 305 386 -1 897 -1 -1
-1 -1 -1 635 215 -1 -1 -1 443 -1 -1 -1 -1 -1 -1 -1 -1 142 -1 -1 305 -1 -1 -1
-1 143 -1 429 799 -1 166 971 -1 -1 -1 688 -1 475 -1 -1 -1 397 25 -1 978 833 -1 760
476 -1 -1 -1 -1 -1 724 -1 206 -1 -1 888 976 -1 -1 -1 -1 -1 -1 -1 -1 685 950 144
-1 515 77 603 169 258 883 264 229 -1 280 54 131 827 946 234 862 593 443 145 684 700 525 152
376 773 -1 -1 502 -1 -1 21 -1 808 -1 -1 -1 -1 -1 -1 388 -1 -1 -1 146 -1 -1 -1
-1 -1 600 -1 -1 -1 376 147 562 615 -1 953 780 -1 -1 -1 -1 -1 -1 -1 -1 -1 -1 -1
708 148 -1 574 651 115 53 815 730 -1 206 90 -1 537 43 116 310 247 -1 53 640 -1 384 -1
358 -1 64 -1 388 715 807 -1 -1 659 341 40 223 -1 500 416 -1 149 793 633 -1 -1 -1 753
179 855 150 181 174 303 -1 992 -1 -1 -1 892 -1 -1 382 877 122 -1 238 962 387 24 -1 -1
-1 151 -1 -1 386 -1 -1 -1 -1 -1 -1 -1 -1 -1 -1 388 580 -1 340 -1 -1 -1 -1 -1
964 -1 -1 941 347 -1 -1 -1 -1 -1 400 -1 152 -1 847 -1 390 -1 362 -1 207 -1 -1 -1
138 -1 -1 582 -1 153 -1 846 890 240 178 -1 -1 779 -1 -1 617 12 695 960 -1 916 -1 324
-1 714 82 -1 -1 297 497 939 545 -1 387 55 530 -1 -1 -1 449 154 -1 907 -1 862 157 565
381 422 784 948 217 673 655 846 277 394 172 334 699 185 585 134 98 705 557 844 896 301 989 565
-1 -1 -1 561 329 -1 -1 369 826 156 -1 -1 -1 759 106 -1 -1 -1 -1 -1 -1 -1 913 213
-1 -1 -1 -1 -1 -1 -1 -1 -1 157 -1 -1 -1 -1 -1 -1 -1 -1 -1 -1 -1 -1 -1 -1
-1 -1 -1 577 -1 -1 -1 -1 -1 -1 -1 -1 158 -1 -1 -1 -1 -1 -1 -1 -1 -1 -1 -1
965 623 928 875 970 835 869 173 690 111 49 68 955 362 483 440 159 71 -1 741 232 112 -1 479
934 -1 159 -1 538 -1 632 630 260 363 994 49 387 22 254 652 -1 231 894 479 897 552 -1 160
427 -1 -1 161 288 -1 -1 -1 -1 -1 -1 -1 363 -1 -1 -1 -1 -1 -1 -1 -1 -1 570 956
-1 823 782 646 102 733 717 -1 485 230 162 177 825 18 221 448 -1 425 844 13 234 -1 964 198
-1 163 -1 -1 -1 -1 -1 -1 -1 -1 -1 -1 226 813 -1 -1 -1 -1 -1 -1 -1 -1 738 -1
-1 -1 171 448 209 118 900 242 139 711 558 -1 444 725 889 996 420 164 614 128 63 139 369 455
732 352 317 726 617 26 860 267 356 71 554 989 462 721 191 508 165 939 338 882 59 926 539 226
258 348 221 343 48 591 112 641 -1 -1 -1 818 528 634 -1 170 71 166 360 -1 321 193 231 856
-1 -1 -1 542 197 -1 453 860 804 167 816 -1 -1 -1 573 -1 -1 -1 -1 289 648 590 -1 -1
564 647 911 -1 968 -1 131 798 -1 -1 492 88 -1 -1 250 337 168 -1 477 -1 106 774 510 929
-1 379 -1 452 680 974 -1 174 -1 839 501 99 169 -1 228 405 658 468 361 29 814 -1 682 817
-1 -1 -1 -1 -1 -1 -1 -1 -1 -1 -1 -1 -1 -1 -1 -1 -1 170 -1 -1 -1 -1 -1 -1
614 -1 52 37 -1 786 -1 -1 -1 -1 -1 -1 -1 895 171 -1 744 -1 -1 -1 -1 -1 194 -1
-1 -1 -1 -1 -1 214 -1 -1 854 -1 -1 -1 -1 -1 691 832 -1 -1 -1 -1 -1 -1 -1 172
-1 -1 266 -1 -1 -1 63 63 -1 -1 -1 -1 790 837 -1 -1 173 -1 -1 652 915 -1 -1 -1
-1 658 945 -1 352 681 -1 451 997 574 862 -1 -1 -1 875 927 174 763 -1 -1 969 347 899 -1
289 -1 776 -1 -1 2 -1 -1 -1 -1 -1 186 260 21 -1 -1 289 -1 223 636 175 -1 -1 698
389 133 830 173 -1 -1 741 -1 574 982 904 176 -1 752 905 354 -1 -1 594 -1 367 -1 457 942
-1 -1 -1 607 -1 -1 -1 -1 -1 -1 -1 144 32 177 -1 -1 283 -1 -1 511 -1 -1 -1 139
689 667 477 299 5 81 295 420 905 41 295 981 327 613 552 112 326 741 383 747 178 4 82 595
-1 803 -1 179 -1 -1 -1 -1 -1 -1 -1 825 -1 -1 -1 -1 -1 -1 -1 -1 -1 -1 112 -1
-1 -1 180 -1 -1 -1 -1 -1 -1 -1 -1 -1 -1 -1 -1 417 -1 -1 -1 -1 -1 -1 -1 -1
-1 -1 177 62 425 -1 444 109 679 996 995 277 531 -1 49 378 -1 360 -1 842 300 668 959 181
881 421 470 972 630 320 585 564 67 64 474 18 174 574 759 152 297 182 758 292 764 931 60 252
974 -1 -1 66 332 183 -1 898 940 512 131 864 318 993 762 425 821 198 283 660 417 932 -1 411
184 93 -1 -1 843 784 690 160 -1 419 -1 -1 174 640 -1 -1 93 -1 49 -1 627 -1 -1 713
52 632 299 305 876 -1 -1 338 445 -1 -1 29 537 134 -1 981 -1 -1 -1 -1 185 415 -1 -1
-1 -1 28 709 -1 186 -1 -1 -1 755 -1 -1 -1 71 181 -1 691 862 812 468 -1 317 -1 793
-1 150 -1 214 626 -1 627 -1 305 -1 63 380 190 -1 -1 -1 -1 -1 -1 -1 187 -1 359 -1
140 678 486 498 543 872 442 929 591 136 319 602 221 931 521 507 235 826 624 188 200 389 14 672
823 684 781 697 139 832 882 431 551 915 557 790 831 450 685 537 -1 859 414 331 189 780 963 416
683 -1 821 190 559 48 -1 459 -1 26 427 -1 977 957 126 6 -1 558 -1 -1 744 -1 34 -1
-1 -1 -1 -1 -1 191 -1 -1 26 -1 -1 -1 221 -1 999 -1 -1 553 -1 -1 -1 -1 -1 722
728 465 881 -1 235 423 -1 9 872 355 358 -1 410 428 709 340 652 47 880 964 961 265 391 192
168 846 -1 136 -1 -1 -1 380 193 -1 -1 626 -1 -1 -1 -1 856 509 -1 968 -1 -1 -1 -1
909 101 685 -1 102 943 77 202 682 589 266 487 154 298 48 568 767 749 194 262 503 35 950 466
958 923 526 788 552 648 953 575 993 914 939 195 512 340 -1 497 24 115 280 115 347 -1 603 283
557 802 539 282 489 196 818 572 928 925 723 322 -1 131 699 617 799 69 356 822 895 -1 513 391
552 818 539 19 197 610 362 963 324 991 43 337 101 951 468 792 513 662 409 904 715 421 250 951
-1 -1 198 587 622 940 -1 -1 -1 483 -1 659 -1 980 -1 -1 70 715 -1 -1 -1 -1 -1 -1
199 -1 -1 -1 -1 -1 -1 -1 -1 -1 -1 -1 -1 -1 -1 -1 -1 -1 -1 -1 658 -1 -1 -1
754 396 134 356 686 200 114 48 145 561 69 418 181 758 -1 86 42 205 121 989 65 516 515 939
-1 -1 -1 479 -1 -1 -1 -1 -1 -1 201 -1 -1 520 -1 -1 -1 -1 -1 -1 -1 188 -1 -1
-1 -1 152 202 837 -1 -1 -1 -1 624 -1 -1 -1 -1 -1 872 -1 -1 -1 203 53 798 -1 629
623 -1 406 544 -1 262 -1 -1 -1 -1 -1 -1 -1 -1 203 942 -1 -1 -1 -1 -1 82 -1 -1
528 153 784 -1 -1 -1 -1 -1 106 541 741 619 157 725 993 332 846 179 -1 616 204 996 -1 999
-1 179 812 -1 -1 205 -1 -1 756 -1 -1 -1 847 -1 -1 -1 -1 -1 -1 297 234 -1 542 381
-1 -1 -1 -1 -1 -1 -1 -1 -1 206 -1 191 -1 -1 -1 -1 -1 -1 -1 -1 -1 -1 -1 -1
-1 -1 29 406 -1 -1 470 823 488 413 207 502 535 425 786 -1 -1 833 73 170 303 140 555 329
-1 -1 -1 705 -1 393 -1 208 -1 -1 -1 -1 -1 953 -1 -1 -1 -1 -1 -1 974 -1 -1 -1
759 607 -1 -1 -1 209 703 690 701 110 721 337 -1 -1 727 87 270 -1 337 162 218 754 834 202
-1 -1 324 -1 -1 152 662 -1 -1 210 817 -1 -1 782 967 -1 197 884 -1 -1 6 512 -1 -1
670 602 198 890 366 349 902 277 795 543 220 930 180 36 228 766 946 211 16 134 525 541 171 137
-1 638 -1 -1 -1 -1 269 -1 -1 643 456 212 -1 89 -1 886 -1 -1 986 -1 -1 -1 419 -1
83 451 841 823 983 158 -1 155 840 438 374 984 133 387 407 768 -1 -1 411 346 323 787 213 84
-1 -1 -1 -1 -1 214 -1 -1 -1 -1 -1 526 918 -1 745 -1 -1 -1 -1 -1 803 -1 112 -1
215 -1 592 -1 -1 -1 882 484 715 873 -1 312 979 850 893 142 968 -1 733 -1 65 337 657 -1
873 588 -1 216 366 -1 431 942 402 745 167 948 -1 369 61 729 788 -1 699 944 241 -1 567 -1
-1 217 616 950 -1 698 102 -1 978 -1 -1 -1 -1 -1 -1 -1 -1 -1 -1 -1 -1 -1 -1 -1
756 -1 473 -1 945 82 -1 887 -1 763 218 437 -1 437 231 -1 -1 -1 225 -1 -1 331 442 91
501 740 -1 82 150 -1 482 582 475 636 -1 983 -1 776 484 -1 112 716 457 496 219 283 819 -1
632 -1 674 568 131 647 265 385 723 445 590 229 126 215 220 306 295 120 930 203 886 663 178 -1
337 67 185 879 343 -1 -1 -1 -1 -1 4 84 -1 783 682 23 308 331 221 16 323 -1 -1 439
989 871 -1 -1 -1 -1 -1 494 -1 -1 275 -1 -1 -1 -1 222 -1 245 473 -1 -1 330 -1 -1
-1 -1 223 904 589 467 242 -1 613 750 -1 -1 960 877 656 -1 -1 304 -1 927 -1 751 663 -1
-1 828 272 -1 -1 -1 -1 471 -1 -1 942 967 -1 952 173 602 224 579 794 32 803 -1 229 303
875 79 881 601 417 -1 10 225 876 11 927 7 685 439 244 303 430 842 835 705 -1 229 774 986
599 921 735 13 851 524 226 -1 -1 375 -1 -1 724 222 -1 -1 345 -1 579 227 990 510 784 852
917 754 -1 -1 371 581 -1 499 -1 -1 570 610 227 679 522 -1 46 651 -1 -1 -1 -1 895 538
941 -1 -1 -1 382 -1 228 -1 -1 -1 -1 -1 -1 -1 -1 -1 -1 -1 -1 -1 757 -1 -1 -1
795 279 860 122 466 191 411 505 40 146 214 -1 41 219 41 728 620 809 -1 229 566 668 555 699
-1 23 -1 -1 -1 -1 -1 -1 432 -1 -1 -1 -1 -1 230 -1 48 576 -1 -1 636 -1 -1 873
-1 717 -1 -1 89 -1 -1 833 -1 444 849 231 110 -1 744 401 805 -1 682 -1 -1 559 -1 324
858 19 -1 -1 722 450 232 89 356 -1 482 863 -1 829 -1 -1 -1 547 979 427 508 674 -1 258
-1 -1 233 55 552 -1 484 398 116 -1 -1 -1 -1 481 -1 119 198 -1 -1 -1 -1 735 -1 562
235 238 -1 -1 -1 270 -1 -1 282 -1 973 -1 666 416 148 -1 486 -1 305 -1 234 -1 -1 -1
-1 -1 -1 -1 -1 -1 -1 -1 118 -1 -1 -1 -1 -1 -1 395 184 235 -1 -1 254 -1 -1 -1
978 -1 695 60 962 791 -1 939 572 -1 495 -1 -1 964 -1 91 65 -1 86 236 489 356 317 858
-1 -1 281 814 237 193 355 -1 466 -1 329 -1 -1 378 615 591 791 473 -1 131 -1 735 372 781
-1 -1 634 517 723 384 238 -1 -1 445 460 -1 20 129 -1 595 939 -1 228 -1 -1 -1 250 -1
665 954 384 428 262 929 727 149 776 280 666 322 -1 239 307 489 338 198 594 239 -1 952 480 502
240 165 269 451 722 956 829 731 859 861 -1 -1 41 -1 -1 71 247 656 556 -1 728 412 -1 23
844 118 -1 -1 -1 -1 -1 -1 -1 -1 -1 -1 -1 -1 -1 -1 -1 -1 -1 241 -1 429 -1 -1
-1 242 120 -1 -1 119 -1 -1 80 -1 -1 -1 414 -1 -1 -1 -1 -1 -1 908 -1 -1 754 -1
677 717 262 149 40 701 923 295 815 890 683 442 60 983 555 112 801 268 389 305 288 682 142 243
230 -1 -1 -1 -1 950 -1 -1 244 -1 640 -1 -1 -1 717 -1 702 -1 -1 470 -1 -1 -1 236
359 -1 419 800 656 575 896 891 281 505 -1 549 190 245 618 -1 640 79 997 741 458 -1 -1 296
-1 246 47 628 -1 249 -1 302 -1 -1 -1 986 -1 313 -1 -1 -1 -1 -1 -1 421 -1 595 169
-1 288 360 92 764 543 -1 -1 88 595 -1 482 376 -1 327 948 241 247 -1 959 133 787 244 -1
-1 -1 505 54 204 544 226 699 -1 248 800 -1 95 -1 192 434 400 665 -1 798 882 836 -1 717
-1 -1 -1 665 -1 842 -1 -1 -1 761 -1 249 -1 -1 814 -1 -1 -1 -1 -1 -1 -1 -1 -1
-1 250 -1 837 171 -1 -1 976 -1 15 -1 -1 -1 21 -1 568 -1 387 -1 -1 -1 345 80 570
-1 589 -1 767 251 5 -1 494 840 -1 988 383 849 724 601 154 -1 395 -1 852 -1 -1 499 -1
944 442 342 811 31 -1 141 312 726 -1 -1 365 -1 160 252 180 163 931 870 823 -1 -1 331 895
-1 227 253 97 -1 295 638 391 -1 940 751 -1 244 494 292 -1 501 939 862 65 741 460 -1 259
884 192 876 331 152 636 681 417 648 902 95 568 882 738 487 288 600 701 941 577 129 750 561 35
-1 480 -1 -1 -1 299 -1 -1 602 -1 -1 -1 -1 -1 -1 180 398 -1 255 -1 471 -1 -1 -1
403 97 256 57 -1 -1 545 729 859 948 -1 961 883 -1 45 399 -1 454 721 312 788 -1 836 914
574 -1 -1 321 637 539 153 721 516 -1 897 -1 -1 -1 257 822 -1 -1 -1 617 732 192 434 207
258 -1 996 190 -1 -1 -1 -1 270 -1 984 -1 597 294 529 -1 721 -1 -1 669 -1 411 -1 377
161 -1 259 -1 11 164 820 464 57 -1 -1 315 -1 19 -1 782 -1 259 220 -1 -1 806 -1 136
-1 -1 -1 -1 -1 -1 -1 -1 -1 -1 -1 260 937 -1 -1 -1 -1 879 -1 -1 -1 514 678 -1
-1 902 261 -1 -1 -1 -1 -1 568 -1 713 -1 -1 151 -1 -1 -1 -1 703 129 572 457 973 -1
433 80 -1 -1 -1 -1 530 -1 262 40 246 -1 500 36 -1 768 -1 -1 405 698 720 650 -1 573
136 -1 676 -1 -1 -1 -1 -1 313 892 -1 -1 -1 263 -1 -1 -1 -1 230 224 -1 66 224 -1
-1 -1 -1 -1 -1 -1 264 -1 -1 -1 -1 -1 -1 -1 -1 -1 -1 -1 -1 -1 894 -1 -1 343
-1 841 -1 55 -1 396 -1 -1 -1 -1 795 -1 310 -1 -1 -1 538 -1 278 -1 -1 310 -1 265
75 549 49 385 -1 -1 149 952 -1 330 269 -1 605 -1 -1 266 -1 330 -1 756 374 -1 -1 982
-1 -1 685 970 -1 116 776 -1 -1 357 589 -1 -1 957 402 267 821 -1 822 502 242 866 -1 534
-1 271 262 -1 870 199 -1 -1 -1 -1 -1 -1 -1 -1 268 584 -1 133 -1 947 -1 935 -1 739
-1 -1 810 -1 46 269 563 933 -1 824 -1 -1 572 -1 801 -1 509 558 261 -1 -1 324 525 449
380 635 -1 -1 832 -1 937 -1 -1 -1 -1 -1 -1 -1 234 38 -1 270 -1 -1 -1 161 -1 -1
708 370 156 -1 -1 -1 667 556 -1 -1 -1 812 355 311 -1 -1 130 127 240 271 637 257 -1 878
272 637 68 -1 119 381 452 157 -1 177 628 306 -1 532 -1 386 78 951 524 572 590 -1 -1 50
825 21 207 483 946 491 543 713 743 452 856 59 621 64 470 863 947 488 907 560 503 870 45 209
674 -1 588 -1 -1 -1 -1 -1 286 -1 433 -1 -1 -1 -1 4 -1 10 -1 723 -1 316 274 -1
-1 723 308 -1 -1 -1 64 802 -1 -1 -1 -1 561 -1 -1 275 -1 367 -1 -1 -1 159 -1 395
623 934 -1 187 -1 -1 276 349 742 346 549 857 183 28 269 157 858 -1 63 807 -1 884 306 738
-1 751 733 348 834 631 398 505 384 525 473 344 732 428 958 749 208 277 278 721 463 128 472 818
193 728 726 311 306 192 40 173 522 699 278 -1 832 948 347 994 730 426 196 379 326 450 901 482
-1 496 982 324 -1 -1 186 -1 111 849 -1 501 345 -1 13 56 26 976 -1 629 279 377 213 607
-1 751 240 342 772 525 970 424 -1 477 204 -1 615 959 197 922 -1 -1 -1 223 260 -1 665 280
-1 -1 -1 -1 -1 444 -1 -1 210 -1 -1 -1 -1 946 281 162 -1 -1 352 -1 66 -1 810 -1
369 612 -1 -1 -1 142 441 -1 128 -1 282 -1 -1 -1 -1 -1 -1 -1 -1 682 605 -1 -1 -1
-1 320 469 -1 504 136 268 723 100 392 252 401 910 0 777 463 598 705 513 253 871 -1 74 283
698 -1 110 -1 -1 111 -1 838 -1 -1 -1 -1 -1 914 -1 -1 -1 698 229 701 -1 -1 -1 284
11 750 285 144 -1 117 -1 986 -1 -1 950 -1 453 -1 353 488 57 452 -1 -1 -1 796 918 -1
41 107 912 -1 894 26 -1 -1 596 -1 -1 -1 -1 -1 -1 286 -1 -1 612 -1 -1 -1 605 -1
746 -1 -1 720 -1 415 176 235 856 48 -1 860 218 978 136 287 -1 -1 636 370 648 -1 315 580
34 -1 693 869 17 262 288 428 86 83 -1 -1 568 -1 102 864 -1 463 256 481 447 649 116 690
-1 415 723 279 485 586 144 -1 -1 325 -1 381 653 -1 723 289 709 652 -1 779 28 600 548 748
122 719 99 -1 660 -1 515 892 290 136 -1 -1 -1 562 868 153 850 466 -1 922 281 949 -1 579
333 273 186 142 17 999 141 816 195 571 159 391 997 659 439 222 502 822 776 279 255 52 887 725
818 296 265 188 564 176 71 8 54 456 119 556 736 171 979 739 354 958 415 233 905 517 990 798
828 725 307 376 326 480 382 609 767 717 930 82 569 615 860 293 840 620 82 303 730 741 3 571
-1 -1 996 -1 -1 887 -1 -1 -1 322 368 -1 -1 -1 -1 608 294 616 -1 -1 -1 821 -1 -1
-1 -1 -1 -1 295 547 -1 135 409 -1 309 -1 -1 -1 -1 -1 -1 251 -1 -1 -1 -1 883 -1
9 764 -1 167 868 733 981 498 75 158 59 637 989 113 712 592 538 -1 558 495 704 296 103 322
152 558 297 501 553 40 949 284 534 257 763 774 159 669 694 771 286 162 -1 87 252 276 123 45
-1 829 -1 784 -1 -1 -1 -1 298 340 355 -1 -1 639 -1 -1 -1 36 329 110 -1 430 -1 -1
-1 -1 -1 -1 -1 871 408 -1 -1 -1 -1 -1 -1 877 167 205 111 -1 -1 373 -1 -1 299 -1
608 701 297 664 907 801 919 263 676 449 362 179 757 258 853 561 300 -1 546 722 432 -1 -1 206
466 937 -1 -1 531 846 394 301 670 -1 219 117 -1 622 522 676 624 867 -1 -1 -1 -1 348 720
702 -1 686 -1 613 673 950 905 814 -1 302 649 836 18 991 958 702 904 -1 535 938 -1 58 -1
168 439 849 -1 -1 -1 -1 -1 -1 840 102 332 867 483 800 -1 81 -1 808 -1 571 -1 303 688
262 419 -1 797 252 -1 -1 304 519 580 643 844 -1 121 339 552 570 -1 -1 467 438 326 779 455
481 305 773 395 256 417 355 -1 -1 -1 -1 374 -1 972 -1 -1 28 -1 -1 835 758 -1 -1 618
606 679 631 6 542 190 537 -1 893 -1 541 -1 717 854 370 -1 85 794 964 306 994 402 873 -1
307 -1 -1 -1 152 785 -1 -1 -1 465 397 255 631 -1 -1 504 -1 -1 -1 -1 292 507 -1 529
-1 -1 -1 -1 -1 -1 -1 -1 -1 -1 -1 -1 -1 -1 -1 308 -1 -1 -1 -1 -1 -1 -1 -1
34 508 690 -1 630 192 966 99 352 17 494 516 620 -1 309 974 228 -1 173 137 713 65 980 642
-1 337 -1 458 -1 309 469 341 29 963 -1 952 321 -1 -1 568 588 -1 193 353 99 224 -1 310
614 827 44 63 124 57 566 660 -1 -1 538 492 58 176 210 251 352 -1 923 517 755 422 16 311
740 250 180 471 195 908 707 834 611 371 316 57 918 -1 229 983 236 313 312 602 640 827 377 536
792 313 448 816 307 474 719 755 512 271 507 814 46 296 817 490 642 804 44 809 95 92 714 157
616 -1 139 32 -1 803 645 235 313 689 100 473 922 -1 417 -1 941 869 209 314 875 36 119 998
-1 -1 769 30 -1 -1 -1 -1 -1 889 -1 640 897 125 -1 789 -1 315 -1 637 523 383 -1 792
851 290 -1 -1 141 -1 -1 -1 -1 -1 -1 -1 -1 724 -1 544 251 -1 316 -1 -1 -1 -1 480
-1 325 475 -1 43 654 730 405 178 -1 76 999 524 -1 916 997 219 82 -1 317 514 199 772 196
40 -1 -1 721 -1 -1 -1 -1 -1 486 268 463 653 180 994 -1 262 568 -1 318 -1 41 526 -1
-1 -1 -1 -1 334 -1 -1 -1 -1 -1 -1 -1 -1 -1 -1 -1 -1 -1 -1 -1 -1 -1 -1 319
-1 -1 -1 -1 -1 -1 -1 -1 911 -1 -1 -1 -1 587 320 -1 122 178 -1 -1 -1 -1 -1 -1
-1 64 -1 -1 280 -1 -1 -1 -1 951 243 -1 -1 -1 -1 687 321 -1 354 -1 -1 385 -1 803
-1 531 -1 -1 -1 231 -1 535 -1 539 -1 -1 -1 -1 666 322 -1 -1 -1 830 -1 -1 -1 -1
-1 -1 -1 323 -1 -1 -1 -1 -1 -1 -1 -1 572 -1 -1 -1 398 -1 -1 464 724 -1 -1 122
151 838 328 414 330 379 210 88 604 961 163 27 517 78 324 -1 -1 796 -1 -1 532 -1 641 -1
707 607 969 457 540 822 -1 201 -1 970 325 852 -1 -1 -1 301 368 607 -1 504 728 -1 -1 702
326 -1 427 -1 753 795 -1 443 -1 261 -1 -1 -1 -1 -1 -1 -1 216 721 -1 10 -1 999 441
-1 -1 -1 330 -1 -1 -1 877 147 628 451 -1 669 519 301 -1 -1 327 -1 -1 -1 -1 -1 -1
146 322 526 930 328 522 983 -1 454 943 732 181 -1 199 -1 -1 634 271 764 488 558 206 273 215
-1 673 -1 -1 -1 794 -1 -1 121 -1 -1 329 56 -1 -1 -1 -1 -1 79 -1 -1 273 -1 -1
-1 -1 -1 -1 -1 -1 -1 -1 -1 -1 -1 636 -1 74 534 766 330 -1 -1 -1 -1 -1 326 42
793 758 397 143 326 514 735 903 428 755 485 160 345 337 69 714 522 582 356 240 93 580 286 81
518 -1 332 -1 -1 55 -1 -1 -1 -1 322 -1 343 -1 -1 -1 412 899 -1 -1 70 -1 -1 -1
196 659 942 878 -1 55 -1 -1 -1 -1 -1 660 -1 776 -1 326 749 280 409 5 -1 590 333 984
691 485 554 492 85 162 -1 165 594 -1 482 875 317 805 338 981 334 -1 -1 384 95 -1 -1 -1
-1 -1 -1 570 420 265 58 217 -1 33 725 335 718 331 88 456 -1 752 197 982 556 -1 625 527
-1 126 502 -1 -1 345 -1 -1 412 -1 -1 -1 -1 361 -1 -1 459 893 913 -1 925 -1 336 -1
-1 198 -1 337 35 497 613 796 679 161 979 -1 880 -1 -1 117 51 104 740 380 341 415 874 -1
-1 608 465 -1 362 841 -1 441 427 121 -1 79 -1 -1 689 338 -1 -1 -1 854 95 -1 844 288
496 -1 -1 84 -1 -1 717 -1 601 339 705 330 555 269 204 474 -1 -1 291 92 -1 825 741 -1
-1 -1 -1 -1 -1 470 340 -1 -1 191 -1 -1 -1 -1 741 441 -1 -1 -1 -1 -1 -1 797 -1
-1 -1 -1 -1 341 -1 -1 -1 -1 -1 -1 -1 206 -1 -1 -1 -1 -1 429 -1 -1 597 -1 528
531 477 431 305 660 206 687 805 862 692 181 813 708 523 49 541 873 532 978 90 15 257 807 310
-1 -1 -1 -1 -1 -1 -1 -1 -1 -1 -1 -1 -1 -1 -1 -1 -1 -1 -1 -1 -1 343 -1 -1
808 470 458 682 -1 598 938 590 742 834 418 449 -1 184 204 -1 507 944 344 221 -1 -1 -1 95
207 465 -1 878 721 693 -1 930 797 258 863 409 922 396 768 509 345 422 121 612 685 926 954 218
696 173 -1 307 -1 -1 -1 -1 -1 800 -1 -1 -1 -1 -1 332 -1 -1 -1 -1 -1 -1 346 -1
-1 130 940 -1 -1 -1 -1 -1 388 239 794 347 -1 -1 -1 -1 -1 -1 317 -1 188 -1 -1 519
-1 -1 -1 -1 -1 -1 -1 -1 -1 -1 348 -1 -1 -1 -1 -1 -1 -1 -1 -1 -1 -1 -1 -1
-1 -1 -1 -1 -1 -1 404 -1 -1 -1 -1 -1 -1 -1 -1 -1 -1 -1 -1 349 -1 -1 -1 -1
350 554 900 -1 335 237 935 739 -1 375 -1 -1 -1 -1 -1 -1 -1 -1 -1 -1 990 -1 -1 -1
-1 -1 -1 -1 351 -1 -1 -1 -1 -1 -1 -1 121 -1 483 -1 -1 -1 -1 -1 -1 -1 -1 -1
736 745 659 -1 -1 100 -1 -1 352 -1 -1 -1 -1 378 709 63 -1 370 609 862 679 972 422 868
-1 741 34 40 291 490 614 -1 635 -1 718 391 416 526 546 992 -1 194 353 -1 -1 315 885 197
-1 788 305 477 -1 320 474 317 293 -1 851 428 490 532 354 36 185 701 804 721 462 435 880 -1
983 -1 -1 795 -1 574 708 -1 -1 514 637 698 859 -1 55 304 -1 625 842 -1 894 265 -1 355
356 373 170 679 672 864 500 528 270 494 568 117 -1 841 646 693 741 838 68 972 20 747 893 730
37 791 -1 -1 -1 -1 554 -1 -1 324 -1 -1 -1 -1 -1 -1 259 710 -1 -1 745 -1 357 -1
358 115 -1 358 -1 479 -1 -1 539 -1 -1 -1 -1 -1 -1 240 -1 694 544 -1 -1 -1 -1 137
933 414 488 971 -1 -1 606 126 -1 661 -1 510 -1 -1 748 359 -1 41 45 -1 -1 501 74 155
-1 -1 -1 -1 -1 360 -1 -1 -1 -1 -1 -1 432 -1 -1 -1 -1 -1 -1 -1 -1 -1 -1 538
-1 -1 -1 -1 -1 -1 -1 -1 -1 -1 909 -1 -1 -1 361 -1 -1 -1 -1 -1 -1 -1 511 -1
362 115 289 977 976 454 990 -1 92 -1 793 262 114 717 558 47 207 938 751 477 476 625 940 -1
394 147 172 591 392 902 363 601 813 114 203 908 -1 636 -1 960 -1 472 356 168 -1 753 799 812
909 480 3 630 57 998 291 364 103 661 740 641 480 81 465 486 517 685 480 899 159 417 543 789
-1 365 464 -1 -1 -1 -1 -1 -1 25 857 968 -1 590 -1 -1 387 -1 -1 471 781 448 -1 920
92 975 513 334 65 227 773 379 652 229 698 612 -1 745 601 -1 900 332 999 44 366 125 629 466
-1 939 -1 97 -1 -1 288 -1 -1 251 -1 -1 317 663 160 -1 367 -1 -1 -1 -1 636 385 -1
-1 490 368 642 -1 821 944 804 894 -1 987 285 479 101 201 -1 604 402 43 -1 293 222 150 790
358 407 672 783 249 785 32 228 390 46 790 993 917 664 144 261 627 236 292 285 123 972 315 930
-1 487 694 -1 370 -1 832 -1 14 28 -1 -1 -1 614 -1 485 232 -1 -1 66 -1 50 355 681
539 741 98 550 191 428 415 -1 900 -1 506 371 905 925 347 303 615 350 -1 318 -1 229 38 451
565 665 788 -1 -1 -1 923 720 -1 -1 328 372 969 -1 862 -1 321 -1 8 -1 -1 199 -1 -1
497 373 -1 -1 437 -1 -1 966 594 -1 -1 -1 137 -1 -1 -1 -1 14 -1 215 -1 -1 -1 -1
-1 -1 516 -1 -1 117 -1 -1 -1 -1 529 -1 -1 124 608 668 -1 -1 -1 38 -1 101 374 941
851 -1 783 942 929 -1 907 769 105 375 560 617 -1 111 826 496 -1 -1 145 -1 770 881 795 960
650 272 803 376 221 -1 -1 778 816 272 659 -1 818 473 419 -1 513 -1 469 -1 -1 222 723 -1
673 -1 -1 -1 -1 658 -1 -1 -1 900 623 -1 -1 -1 -1 -1 -1 -1 106 -1 -1 -1 -1 377
-1 150 -1 378 742 323 -1 -1 455 410 711 792 495 945 -1 -1 821 635 450 556 382 562 -1 278
-1 748 -1 16 32 69 -1 395 940 860 530 947 774 426 314 832 295 379 168 613 660 816 85 267
456 -1 -1 823 -1 -1 -1 903 -1 -1 -1 380 -1 -1 873 673 305 -1 -1 -1 528 -1 872 862
-1 287 -1 -1 -1 -1 -1 -1 381 -1 -1 109 -1 -1 -1 -1 -1 0 422 203 -1 -1 843 -1
-1 -1 -1 -1 711 -1 -1 868 363 845 -1 152 -1 382 -1 -1 -1 -1 -1 186 -1 -1 -1 -1
942 817 779 927 -1 -1 -1 737 -1 533 307 -1 921 468 -1 409 705 776 -1 383 -1 48 870 -1
899 946 -1 463 -1 401 272 669 -1 -1 373 575 873 984 560 228 -1 -1 384 -1 965 71 -1 14
168 -1 378 663 546 203 465 827 -1 588 -1 533 274 200 208 342 -1 900 692 505 504 503 385 -1
-1 743 490 183 30 -1 -1 498 925 -1 561 185 869 657 94 620 -1 14 -1 386 -1 -1 -1 -1
387 162 82 -1 556 -1 48 358 311 396 12 903 3 124 880 -1 83 194 309 -1 732 446 -1 638
713 -1 -1 -1 601 117 494 275 -1 9 206 -1 175 17 388 234 33 387 -1 -1 -1 -1 245 -1
-1 751 -1 -1 -1 -1 -1 -1 -1 45 982 881 -1 -1 -1 -1 -1 -1 -1 -1 -1 327 389 -1
93 -1 390 256 464 693 543 912 710 -1 -1 775 303 -1 -1 -1 -1 524 525 886 -1 -1 456 -1
784 -1 -1 -1 -1 -1 -1 -1 -1 -1 391 -1 -1 -1 -1 -1 484 -1 -1 55 590 -1 69 -1
185 166 789 539 733 660 392 762 291 138 788 858 660 973 956 745 715 449 860 982 273 412 -1 -1
502 -1 -1 17 -1 -1 -1 -1 874 419 -1 -1 346 533 145 33 324 -1 792 680 166 289 635 393
680 138 889 777 572 -1 -1 858 -1 -1 -1 883 570 -1 717 344 480 -1 170 640 735 948 394 -1
-1 619 -1 421 222 589 378 845 395 266 36 147 430 804 925 -1 994 378 760 740 758 611 811 413
412 683 552 253 607 346 748 387 741 148 780 956 815 38 945 28 372 594 328 352 828 13 843 376
332 924 -1 805 397 464 -1 -1 348 57 989 -1 -1 502 -1 -1 -1 -1 58 -1 -1 -1 450 -1
873 -1 912 205 -1 487 834 521 430 502 398 294 936 191 219 725 494 -1 312 752 -1 494 730 -1
436 104 65 118 430 80 194 319 427 610 879 197 611 297 976 359 147 953 365 916 63 406 778 39
399 658 400 -1 11 -1 503 220 986 722 445 76 151 377 871 825 477 475 858 -1 -1 197 558 -1
-1 873 625 -1 814 -1 286 537 984 801 639 470 664 576 69 -1 401 -1 75 850 279 39 156 -1
450 -1 378 914 -1 -1 -1 134 405 -1 402 360 -1 547 -1 -1 -1 -1 -1 378 -1 -1 -1 453
-1 821 403 200 -1 765 383 396 867 -1 -1 542 -1 -1 18 -1 -1 679 -1 974 949 -1 -1 972
675 547 579 770 795 404 125 760 426 263 567 231 299 896 -1 162 467 464 593 960 937 161 363 84
-1 60 974 707 297 -1 697 -1 748 -1 -1 -1 -1 960 780 484 662 405 490 399 722 -1 75 -1
0 78 191 -1 -1 -1 922 51 689 254 594 -1 442 180 396 532 406 628 13 313 699 673 291 294
-1 -1 802 -1 -1 275 -1 -1 -1 498 -1 -1 407 884 -1 -1 -1 543 265 -1 -1 655 -1 919
-1 -1 -1 -1 572 -1 -1 857 -1 408 -1 904 -1 -1 303 775 -1 241 -1 -1 -1 -1 -1 -1
-1 -1 -1 -1 -1 -1 -1 -1 -1 -1 -1 -1 -1 -1 -1 -1 -1 -1 409 -1 -1 -1 -1 -1
33 -1 61 33 -1 212 -1 320 -1 -1 -1 685 -1 410 -1 172 -1 451 -1 -1 -1 -1 -1 854
10 839 164 358 364 604 411 -1 698 -1 128 421 661 58 334 728 625 91 703 742 175 -1 -1 711
-1 179 -1 -1 -1 -1 -1 254 985 615 -1 159 370 -1 -1 -1 -1 -1 -1 412 -1 -1 -1 -1
-1 439 195 95 647 833 243 566 444 -1 538 662 361 586 413 804 945 779 390 -1 991 30 956 -1
940 200 877 702 949 -1 -1 176 414 370 362 443 632 -1 88 507 84 975 661 959 959 621 262 940
-1 715 886 567 70 -1 -1 794 -1 -1 -1 76 -1 415 -1 683 156 -1 19 261 590 -1 -1 903
-1 -1 -1 -1 809 -1 -1 -1 -1 -1 416 -1 -1 253 -1 -1 -1 -1 -1 -1 -1 856 -1 233
340 997 -1 332 357 -1 417 -1 -1 -1 -1 677 333 426 -1 -1 -1 869 209 -1 -1 238 -1 544
-1 741 -1 -1 996 267 59 710 451 -1 -1 793 -1 418 -1 -1 405 -1 -1 447 -1 232 300 387
-1 -1 -1 676 -1 -1 -1 -1 -1 -1 -1 -1 -1 -1 883 -1 -1 -1 -1 -1 -1 419 850 -1
178 941 515 181 908 249 420 -1 712 665 -1 -1 -1 221 -1 -1 715 748 -1 398 719 815 481 420
697 421 386 651 344 87 532 990 768 241 331 304 243 383 832 306 848 695 573 571 217 -1 158 -1
642 278 624 549 107 448 712 -1 402 643 746 -1 -1 266 888 635 66 -1 161 -1 -1 246 422 -1
679 223 -1 -1 803 880 182 -1 935 225 26 418 423 307 530 190 316 529 394 419 -1 610 506 858
-1 918 -1 424 346 -1 414 789 273 920 -1 441 275 -1 971 -1 -1 532 -1 339 987 874 845 -1
-1 -1 -1 -1 -1 -1 -1 699 -1 -1 -1 -1 -1 425 -1 -1 -1 -1 -1 -1 -1 746 -1 -1
44 777 212 770 959 138 23 58 385 318 967 154 5 952 317 954 471 690 481 983 312 11 293 797
-1 -1 -1 754 769 -1 987 61 -1 732 427 -1 964 -1 -1 -1 -1 -1 882 -1 642 261 -1 749
-1 -1 -1 -1 -1 -1 -1 -1 -1 -1 -1 -1 120 428 91 -1 -1 -1 -1 -1 -1 -1 -1 -1
583 757 53 -1 650 629 739 31 610 -1 26 439 788 630 564 133 734 841 747 222 567 429 140 355
285 623 37 -1 960 -1 302 -1 -1 197 -1 369 -1 391 -1 -1 -1 -1 430 -1 739 369 765 553
-1 609 431 -1 -1 -1 373 931 387 -1 -1 -1 -1 -1 -1 119 892 -1 224 -1 -1 -1 -1 -1
746 322 -1 501 -1 575 74 228 463 -1 149 -1 735 577 118 189 659 -1 165 291 -1 -1 432 230
623 644 267 433 789 878 531 150 66 296 617 195 818 558 155 -1 805 569 -1 947 746 750 1 677
514 285 915 687 206 646 392 705 676 655 585 33 393 553 321 434 -1 657 238 514 896 574 489 -1
872 -1 272 435 -1 56 -1 -1 -1 101 -1 -1 -1 109 -1 515 -1 -1 -1 -1 -1 556 -1 -1
-1 -1 -1 -1 -1 -1 -1 -1 -1 -1 -1 -1 -1 -1 -1 436 -1 -1 -1 -1 -1 -1 -1 -1
134 869 468 -1 970 461 -1 -1 -1 -1 212 969 437 -1 469 475 292 -1 -1 -1 876 289 146 726
-1 -1 -1 -1 -1 756 497 -1 740 -1 -1 29 438 -1 -1 990 86 610 404 869 -1 513 422 -1
247 635 165 599 213 139 -1 885 439 523 -1 -1 982 287 181 840 -1 -1 -1 -1 159 959 -1 -1
-1 -1 846 -1 -1 -1 -1 -1 -1 -1 -1 -1 537 -1 -1 973 -1 -1 -1 -1 -1 -1 440 -1
-1 -1 441 -1 -1 -1 830 -1 -1 -1 -1 348 -1 -1 683 -1 -1 956 -1 -1 -1 -1 583 911
-1 -1 -1 -1 -1 442 -1 -1 -1 -1 -1 -1 -1 -1 -1 -1 308 -1 439 -1 -1 -1 -1 -1
460 899 588 912 723 38 891 -1 707 443 807 -1 239 201 241 372 270 519 593 -1 344 604 669 311
705 217 -1 850 -1 -1 775 306 -1 471 883 -1 -1 -1 878 523 -1 -1 -1 -1 -1 875 444 -1
926 982 445 453 189 128 337 718 -1 -1 -1 -1 -1 904 -1 -1 84 623 401 6 964 712 683 -1
-1 784 -1 -1 -1 -1 -1 -1 -1 -1 392 446 -1 -1 -1 662 -1 -1 -1 367 -1 -1 -1 -1
-1 -1 -1 -1 -1 775 -1 -1 -1 -1 447 -1 -1 -1 -1 689 -1 -1 -1 -1 -1 -1 -1 -1
63 -1 -1 -1 -1 -1 314 -1 483 -1 -1 448 128 -1 -1 -1 -1 927 882 249 55 -1 987 -1
-1 700 743 -1 829 637 364 190 67 602 -1 -1 220 345 953 449 650 641 -1 -1 377 -1 342 890
351 -1 -1 708 -1 -1 8 296 450 -1 -1 411 -1 -1 -1 -1 -1 -1 -1 -1 -1 -1 -1 -1
-1 -1 53 -1 603 -1 -1 -1 -1 -1 -1 -1 -1 -1 -1 141 451 394 -1 -1 965 -1 67 -1
363 576 311 731 323 996 452 653 499 -1 176 410 400 351 615 -1 446 793 758 562 800 358 596 797
368 882 817 -1 558 328 870 497 232 951 963 -1 429 110 453 275 -1 -1 872 345 661 549 992 153
-1 171 -1 833 555 454 -1 -1 -1 -1 -1 740 -1 -1 409 491 692 -1 -1 133 -1 -1 307 955
566 498 882 666 119 132 944 838 532 605 640 630 970 545 953 455 721 580 -1 931 629 919 974 907
921 928 185 333 484 -1 -1 -1 -1 -1 503 -1 -1 25 456 -1 255 397 53 -1 205 597 677 -1
938 469 109 -1 -1 -1 -1 -1 457 749 -1 -1 113 -1 -1 -1 -1 171 -1 843 399 -1 -1 516
193 840 403 477 224 458 222 528 809 583 697 404 586 26 962 465 278 69 404 597 45 676 953 485
459 572 300 -1 559 -1 -1 436 677 429 -1 515 956 -1 252 990 -1 271 355 686 667 792 -1 487
-1 806 971 525 -1 -1 -1 -1 460 -1 -1 -1 -1 -1 720 -1 -1 441 -1 -1 -1 681 101 -1
729 441 864 836 187 70 86 382 250 507 231 529 866 915 162 830 632 901 153 97 342 413 61 540
-1 -1 462 -1 -1 -1 -1 128 -1 -1 -1 -1 -1 -1 -1 -1 -1 -1 -1 -1 -1 -1 68 -1
-1 -1 -1 -1 -1 463 -1 -1 -1 -1 -1 -1 -1 353 -1 122 601 -1 -1 -1 -1 -1 -1 -1
-1 464 -1 -1 -1 -1 -1 -1 -1 -1 -1 -1 -1 684 -1 965 -1 -1 -1 -1 -1 -1 19 -1
230 302 475 437 620 113 970 245 103 241 601 910 271 401 666 165 349 963 220 351 614 719 519 280
917 -1 -1 -1 335 786 826 531 -1 286 -1 -1 -1 697 142 -1 466 631 369 -1 -1 -1 -1 -1
264 670 -1 -1 467 901 931 -1 671 -1 522 -1 -1 212 -1 -1 -1 674 -1 -1 -1 466 131 -1
-1 924 -1 77 10 -1 -1 468 -1 -1 -1 -1 -1 -1 -1 -1 -1 -1 -1 -1 -1 -1 -1 -1
-1 628 864 -1 449 -1 -1 -1 -1 -1 -1 -1 -1 570 -1 748 -1 -1 -1 579 469 -1 -1 -1
-1 877 88 -1 896 -1 470 -1 -1 -1 841 510 -1 337 302 75 -1 719 132 -1 -1 877 -1 -1
159 942 471 -1 454 68 -1 -1 208 816 -1 128 228 421 -1 -1 -1 -1 375 287 -1 447 734 -1
759 383 -1 -1 707 501 872 -1 544 655 179 644 173 163 472 433 385 -1 92 -1 251 729 -1 697
18 546 978 491 -1 105 910 124 664 760 984 809 216 399 829 -1 -1 195 -1 497 986 473 283 479
4 214 -1 -1 813 735 216 -1 -1 372 -1 553 832 99 570 239 361 559 474 431 -1 17 128 235
675 -1 -1 -1 386 433 379 958 -1 460 -1 146 -1 195 337 475 -1 404 658 447 -1 -1 879 133
598 -1 -1 649 797 -1 -1 365 -1 176 442 -1 410 476 811 -1 786 853 668 559 -1 -1 -1 994
156 738 -1 -1 -1 280 -1 477 -1 207 231 336 968 765 146 694 -1 -1 -1 221 829 821 720 -1
999 255 288 394 -1 213 -1 76 -1 478 -1 -1 -1 180 520 963 721 662 -1 193 -1 549 492 769
479 438 -1 367 57 -1 906 894 -1 810 -1 -1 795 -1 479 949 440 425 -1 298 -1 -1 -1 -1
407 959 491 509 421 255 480 319 189 578 196 816 88 -1 874 -1 236 766 590 246 164 94 761 143
682 473 23 -1 583 399 22 156 606 -1 -1 -1 298 699 592 833 337 330 340 749 191 481 223 297
794 141 797 366 774 258 390 40 432 347 930 28 295 821 357 -1 310 482 640 493 774 450 253 891
-1 -1 -1 696 -1 646 -1 -1 -1 -1 -1 688 483 -1 -1 771 221 140 42 -1 704 574 -1 -1
947 -1 -1 -1 265 927 -1 787 33 -1 148 501 853 -1 462 789 215 243 -1 484 -1 -1 -1 318
479 -1 206 428 -1 297 312 701 111 263 -1 282 -1 404 485 -1 794 372 -1 183 68 -1 -1 -1
-1 215 -1 -1 55 111 -1 -1 -1 105 -1 449 -1 -1 747 120 -1 761 467 486 -1 -1 17 889
-1 763 -1 -1 -1 -1 518 -1 -1 -1 -1 -1 -1 -1 280 -1 -1 -1 767 -1 487 -1 -1 114
641 -1 68 280 398 316 817 -1 212 521 517 157 642 698 5 149 46 498 762 142 -1 561 438 488
-1 603 779 -1 -1 -1 -1 672 21 700 -1 706 -1 618 434 374 489 90 839 384 192 -1 -1 388
642 219 893 490 532 573 887 443 -1 770 644 691 529 130 -1 774 546 419 -1 903 -1 737 -1 718
-1 -1 125 686 -1 491 766 504 428 901 -1 -1 602 524 572 84 293 861 -1 825 258 164 559 248
-1 -1 -1 298 -1 -1 302 453 -1 -1 -1 492 -1 381 10 152 -1 -1 -1 -1 -1 -1 -1 -1
493 534 28 -1 990 -1 -1 -1 -1 464 988 -1 -1 747 17 506 -1 385 -1 -1 380 932 317 -1
-1 7 533 -1 -1 -1 120 -1 -1 494 -1 -1 -1 -1 -1 -1 -1 -1 -1 524 -1 -1 -1 -1
628 -1 150 187 361 575 660 194 523 981 256 891 402 819 -1 495 234 -1 403 16 585 -1 -1 -1
-1 496 945 -1 635 -1 -1 -1 594 453 -1 -1 -1 -1 223 -1 -1 249 304 -1 -1 274 -1 -1
-1 -1 -1 -1 -1 -1 -1 -1 -1 497 -1 -1 -1 -1 -1 -1 -1 -1 -1 -1 -1 -1 -1 -1
918 -1 574 537 61 776 363 498 819 679 -1 782 -1 136 967 42 -1 -1 503 366 957 -1 628 -1
-1 -1 -1 -1 -1 -1 -1 -1 730 -1 -1 141 -1 -1 495 714 -1 849 -1 -1 -1 499 -1 -1
-1 243 2 -1 389 -1 500 526 757 -1 500 982 708 -1 -1 581 -1 -1 137 -1 261 -1 -1 37
650 545 96 914 595 886 653 939 130 604 89 789 554 446 486 467 634 831 867 125 128 140 403 628
502 473 914 269 520 10 93 678 891 510 600 741 -1 98 593 344 968 952 14 46 435 940 111 102
-1 217 490 503 397 183 286 315 281 969 214 361 124 465 670 705 -1 38 464 345 161 24 467 248
695 -1 657 839 686 38 581 689 882 399 11 905 -1 110 782 -1 715 122 553 670 504 821 469 831
-1 505 564 652 -1 684 902 240 809 -1 79 628 370 102 547 781 396 550 947 659 -1 -1 734 -1
129 783 625 32 755 21 861 698 506 651 130 781 479 471 472 276 737 418 906 612 352 420 664 223
-1 -1 222 507 451 552 284 -1 -1 -1 -1 -1 885 716 -1 -1 923 -1 298 -1 487 889 631 738
-1 768 399 -1 213 987 13 545 772 -1 -1 -1 300 382 125 795 508 -1 398 357 78 887 174 405
-1 211 -1 30 679 494 -1 -1 -1 -1 399 170 424 509 230 267 -1 -1 727 5 480 983 881 121
510 565 177 23 -1 591 228 -1 851 -1 657 377 693 596 575 -1 91 278 59 -1 -1 485 882 875
-1 -1 -1 872 -1 -1 -1 -1 -1 -1 743 -1 -1 -1 -1 -1 335 -1 162 -1 -1 -1 -1 511
389 648 676 770 317 512 357 218 695 845 900 640 28 666 424 575 273 960 130 546 775 911 956 753
-1 -1 413 -1 -1 -1 -1 -1 513 -1 -1 -1 -1 -1 -1 -1 -1 -1 -1 -1 -1 -1 -1 -1
-1 -1 136 -1 633 -1 -1 233 895 78 -1 321 298 821 227 148 184 514 359 784 258 -1 190 -1
-1 -1 -1 -1 -1 -1 -1 -1 -1 -1 -1 -1 515 -1 -1 -1 -1 -1 -1 -1 -1 288 -1 -1
-1 -1 461 898 -1 -1 -1 -1 -1 -1 779 -1 -1 -1 -1 -1 -1 -1 516 -1 -1 745 595 750
991 -1 210 23 729 -1 -1 969 -1 -1 517 783 243 -1 785 -1 -1 649 213 -1 37 110 951 327
-1 354 255 -1 -1 -1 -1 -1 -1 389 -1 -1 518 -1 957 -1 -1 -1 -1 -1 -1 171 -1 -1
519 -1 920 355 386 212 477 600 994 402 871 3 388 150 264 158 -1 327 481 728 536 101 923 18
968 250 934 227 350 18 -1 557 980 -1 353 343 433 587 911 -1 520 510 10 657 -1 240 821 974
871 394 521 505 -1 853 -1 -1 259 -1 -1 314 568 799 857 -1 -1 621 -1 190 -1 529 -1 -1
-1 885 -1 -1 -1 949 -1 249 -1 -1 -1 -1 522 282 537 -1 -1 10 -1 -1 153 709 -1 -1
-1 -1 526 -1 -1 -1 464 -1 -1 403 -1 523 -1 -1 -1 -1 -1 -1 698 -1 -1 -1 -1 -1
645 -1 64 789 -1 614 -1 708 -1 935 -1 -1 927 945 -1 104 431 308 524 994 521 -1 45 -1
525 -1 57 382 -1 416 -1 -1 -1 653 1 817 703 239 -1 -1 -1 -1 227 533 715 -1 363 459
45 121 812 -1 -1 99 589 193 871 417 67 526 -1 150 734 163 -1 -1 -1 227 820 810 314 190
334 493 -1 106 186 -1 717 547 715 -1 561 336 527 801 -1 550 961 569 -1 -1 617 5 -1 479
-1 942 296 -1 650 96 -1 224 -1 489 -1 -1 528 -1 -1 453 635 -1 857 -1 740 -1 688 88
74 896 -1 -1 -1 935 641 -1 569 12 549 -1 -1 -1 -1 976 111 529 903 -1 -1 -1 297 -1
-1 710 40 -1 323 -1 -1 -1 591 4 208 111 575 -1 530 -1 546 806 -1 113 -1 231 -1 -1
936 794 364 -1 -1 176 -1 -1 511 752 531 -1 -1 48 -1 -1 -1 488 -1 -1 787 929 40 821
-1 71 -1 -1 -1 575 532 787 -1 932 97 99 594 104 546 -1 615 490 109 -1 -1 343 -1 -1
26 -1 50 746 -1 740 147 878 533 696 -1 343 841 232 394 976 321 99 315 195 285 958 123 596
534 33 356 961 332 635 -1 479 575 889 -1 -1 285 -1 382 -1 -1 -1 -1 -1 408 434 -1 -1
458 535 915 -1 713 345 -1 -1 415 863 946 711 492 151 42 39 145 777 873 238 -1 967 402 -1
-1 -1 -1 536 -1 -1 -1 -1 952 -1 -1 -1 -1 -1 -1 -1 -1 -1 -1 -1 -1 -1 -1 -1
155 921 373 985 344 506 965 881 847 521 772 694 30 579 859 631 723 37 499 751 712 55 559 555
-1 -1 604 -1 -1 -1 -1 -1 -1 -1 66 -1 -1 -1 515 -1 -1 -1 -1 -1 538 -1 -1 -1
-1 -1 -1 -1 396 539 -1 -1 -1 819 -1 -1 -1 -1 -1 -1 -1 -1 -1 12 -1 -1 -1 -1
-1 -1 -1 -1 -1 -1 -1 -1 -1 -1 -1 -1 -1 -1 -1 -1 -1 -1 16 -1 -1 -1 -1 540
400 480 -1 -1 140 -1 -1 -1 524 -1 -1 284 134 -1 -1 541 305 -1 995 253 662 -1 -1 -1
-1 -1 -1 76 -1 182 672 609 644 -1 -1 994 -1 -1 -1 684 542 -1 -1 -1 -1 -1 -1 731
791 345 -1 -1 683 -1 353 -1 189 -1 -1 317 543 769 -1 -1 753 47 251 443 904 389 542 -1
-1 -1 -1 -1 -1 -1 -1 -1 -1 -1 -1 -1 -1 -1 828 -1 544 -1 -1 -1 -1 -1 -1 -1
558 545 633 -1 -1 109 -1 157 594 -1 804 875 237 542 637 -1 -1 -1 -1 -1 -1 755 679 -1
595 168 352 788 670 487 247 439 700 331 579 136 476 91 546 948 634 255 131 811 110 887 597 179
-1 -1 547 -1 -1 -1 -1 -1 -1 -1 -1 -1 -1 -1 -1 -1 -1 -1 -1 -1 -1 -1 -1 -1
900 414 906 741 32 -1 618 608 -1 -1 866 548 392 743 338 -1 33 -1 -1 -1 774 284 279 -1
-1 -1 -1 999 839 609 -1 501 461 556 -1 217 304 549 -1 -1 11 -1 874 -1 171 469 748 495
-1 58 212 20 992 602 550 54 923 -1 -1 38 739 269 519 432 233 -1 3 -1 -1 -1 -1 382
980 -1 944 293 65 60 551 798 -1 322 -1 566 731 602 819 196 749 383 549 -1 446 -1 -1 -1
-1 -1 -1 -1 178 -1 4 -1 -1 -1 -1 -1 -1 -1 -1 220 552 -1 -1 118 -1 561 -1 -1
493 206 -1 506 -1 -1 -1 49 -1 -1 396 234 -1 590 -1 -1 342 553 952 67 -1 -1 -1 508
-1 72 554 -1 -1 -1 -1 827 -1 -1 -1 -1 -1 23 -1 -1 300 732 -1 -1 782 726 -1 -1
143 526 752 -1 -1 444 245 -1 472 -1 330 554 866 71 -1 608 555 343 564 -1 -1 -1 614 -1
737 534 141 956 503 621 186 156 225 821 191 556 430 283 99 890 90 175 302 918 353 420 578 906
-1 -1 731 999 426 -1 -1 557 -1 920 -1 386 -1 763 -1 -1 -1 -1 -1 -1 -1 666 -1 575
177 -1 -1 862 -1 481 92 751 790 386 539 394 -1 755 399 -1 323 23 705 514 658 143 120 558
-1 -1 -1 -1 669 -1 680 559 -1 -1 231 -1 -1 203 -1 -1 566 -1 -1 -1 8 -1 -1 -1
400 -1 -1 386 -1 -1 -1 -1 127 -1 120 -1 -1 276 30 -1 -1 -1 -1 307 -1 -1 -1 560
-1 -1 561 -1 508 -1 -1 479 -1 -1 -1 -1 741 -1 883 -1 -1 -1 433 -1 -1 -1 374 -1
927 -1 -1 36 -1 -1 -1 -1 -1 -1 562 -1 -1 -1 -1 -1 -1 827 -1 -1 -1 -1 -1 -1
-1 -1 -1 925 -1 -1 308 93 -1 -1 -1 -1 -1 898 563 842 -1 -1 -1 582 -1 -1 332 -1
236 732 154 564 257 -1 -1 74 2 535 502 -1 329 924 926 -1 720 139 442 -1 4 -1 -1 351
-1 -1 -1 565 384 342 528 214 -1 -1 239 57 269 965 707 -1 146 930 617 -1 -1 178 188 -1
-1 -1 -1 -1 351 -1 191 -1 904 566 297 66 323 -1 -1 260 453 -1 -1 -1 57 333 -1 949
-1 -1 239 459 716 450 184 907 916 758 415 789 765 625 421 598 107 -1 597 844 172 567 465 124
195 -1 -1 -1 519 568 -1 -1 -1 486 106 991 489 553 129 -1 -1 701 790 70 -1 -1 -1 -1
683 367 569 912 876 577 766 846 727 264 752 43 901 591 882 318 659 310 246 165 292 651 100 154
-1 -1 82 -1 107 -1 -1 -1 -1 900 -1 -1 -1 -1 -1 953 477 -1 -1 48 -1 304 -1 570
302 715 -1 571 -1 933 892 355 365 191 51 423 -1 990 -1 965 513 448 478 577 -1 144 224 -1
645 -1 322 651 -1 -1 61 486 900 -1 202 109 -1 761 -1 174 -1 767 -1 572 11 770 -1 142
120 603 421 837 913 573 939 72 519 643 110 351 713 74 462 879 152 59 378 827 694 726 821 240
431 -1 628 -1 -1 116 -1 -1 961 141 391 -1 9 589 79 669 342 564 985 574 261 941 -1 566
100 948 640 743 425 591 83 -1 898 577 328 662 234 884 70 575 450 485 167 709 274 741 670 172
-1 -1 -1 -1 -1 403 -1 -1 -1 -1 -1 -1 576 -1 -1 -1 -1 -1 727 -1 -1 -1 -1 -1
999 582 -1 529 863 141 -1 239 711 -1 621 -1 -1 -1 -1 466 577 -1 -1 953 446 513 566 -1
-1 -1 214 258 70 27 578 400 975 413 518 467 116 526 750 -1 298 948 -1 821 189 180 565 566
722 644 593 826 149 362 921 812 857 748 378 216 890 93 967 385 558 767 579 800 763 91 958 949
744 -1 626 389 93 -1 958 761 288 522 -1 713 819 438 903 580 -1 -1 842 -1 -1 885 737 -1
581 936 992 265 750 76 716 718 483 611 161 325 139 764 596 780 711 95 415 655 749 485 654 65
867 918 911 979 276 334 916 -1 509 -1 582 -1 364 -1 -1 37 -1 294 947 516 949 -1 264 421
6 601 891 877 925 498 859 326 279 697 743 244 583 991 95 590 332 975 26 820 910 346 768 82
-1 74 301 406 142 -1 17 805 807 554 793 373 -1 -1 573 584 206 454 480 967 905 -1 644 574
-1 -1 -1 -1 -1 -1 314 993 -1 723 -1 -1 -1 -1 -1 -1 10 635 -1 585 -1 -1 -1 -1
-1 384 -1 466 586 452 -1 437 -1 688 197 184 255 568 -1 525 989 575 586 412 139 784 109 958
288 433 -1 339 543 854 -1 722 -1 892 520 968 934 309 697 667 617 75 379 262 175 587 906 667
774 940 613 -1 729 -1 -1 794 -1 -1 563 588 44 -1 -1 974 -1 -1 -1 -1 -1 391 -1 -1
636 -1 -1 610 -1 589 494 -1 -1 461 888 -1 -1 -1 -1 -1 423 -1 -1 -1 -1 -1 910 -1
122 541 379 96 659 335 -1 685 874 913 590 402 822 -1 655 620 541 537 559 991 485 305 429 -1
281 -1 -1 -1 -1 867 -1 -1 -1 691 965 -1 -1 -1 374 -1 -1 -1 -1 -1 -1 230 15 591
227 1 943 247 379 861 670 771 149 31 824 490 393 842 329 419 534 48 498 450 132 613 718 275
914 233 202 -1 214 391 -1 -1 -1 -1 -1 646 -1 -1 -1 -1 722 593 -1 -1 -1 -1 -1 -1
127 163 535 480 -1 913 221 147 605 652 235 433 97 594 241 544 285 277 405 -1 4 737 122 376
-1 876 68 535 884 -1 259 -1 588 566 278 -1 145 58 388 -1 595 930 415 450 -1 -1 578 803
-1 -1 -1 369 808 -1 596 -1 338 123 -1 534 903 713 -1 -1 -1 -1 -1 -1 -1 239 -1 -1
941 -1 -1 -1 -1 -1 478 605 -1 -1 18 -1 978 896 112 597 -1 395 -1 94 936 -1 -1 682
-1 -1 -1 -1 157 -1 -1 -1 -1 -1 124 -1 -1 122 -1 875 598 623 242 734 142 -1 -1 -1
531 -1 906 -1 517 365 -1 459 254 599 -1 -1 742 -1 277 917 -1 325 540 -1 82 48 -1 481
600 513 496 465 -1 594 -1 454 -1 901 463 25 143 -1 251 758 270 -1 -1 543 -1 -1 946 741
-1 -1 246 -1 -1 -1 -1 712 -1 -1 -1 -1 585 -1 154 -1 788 -1 601 -1 -1 -1 -1 -1
891 571 91 -1 456 -1 53 594 540 385 995 -1 -1 602 607 0 642 218 -1 814 792 621 550 949
844 931 764 -1 -1 74 -1 -1 -1 215 269 59 -1 -1 -1 373 741 95 -1 -1 40 -1 603 -1
-1 836 -1 -1 -1 -1 -1 -1 -1 -1 -1 -1 -1 892 -1 -1 -1 137 604 -1 -1 -1 -1 -1
548 781 622 -1 521 352 237 517 97 253 -1 -1 94 639 443 356 903 -1 824 640 742 657 605 24
-1 -1 999 -1 -1 -1 -1 -1 -1 -1 606 188 -1 -1 -1 -1 -1 -1 -1 -1 -1 -1 -1 281
-1 -1 29 -1 -1 -1 771 -1 145 882 -1 84 788 -1 903 -1 -1 211 607 -1 -1 -1 -1 738
-1 -1 -1 -1 -1 -1 -1 608 -1 -1 -1 -1 -1 -1 -1 -1 506 -1 -1 -1 -1 -1 -1 -1
679 774 -1 521 -1 246 961 763 329 609 98 34 913 180 387 511 -1 515 154 490 336 580 -1 984
-1 369 -1 671 -1 -1 -1 849 899 -1 991 432 -1 600 -1 -1 -1 610 -1 -1 766 -1 -1 -1
-1 -1 -1 -1 -1 -1 -1 -1 -1 -1 -1 -1 274 -1 217 -1 -1 -1 611 -1 828 -1 -1 786
-1 531 364 757 910 -1 538 761 441 375 395 11 377 190 591 981 595 998 352 961 555 -1 272 612
228 613 397 712 -1 468 387 284 83 -1 -1 662 127 892 372 113 559 540 76 -1 267 192 120 865
-1 614 -1 -1 -1 303 638 -1 -1 -1 -1 957 988 416 491 -1 -1 -1 247 -1 -1 -1 320 -1
636 844 24 728 67 213 393 349 270 615 836 331 284 22 412 959 577 885 973 -1 907 55 907 394
-1 -1 -1 -1 -1 -1 -1 74 -1 -1 616 -1 -1 -1 -1 -1 -1 -1 -1 -1 -1 506 -1 -1
26 -1 731 -1 -1 32 420 116 -1 538 356 -1 -1 -1 461 617 328 316 -1 326 789 -1 -1 677
875 81 -1 737 67 977 618 635 936 697 891 619 58 520 -1 825 651 456 9 381 630 109 28 974
754 506 384 -1 838 170 495 47 575 -1 887 556 -1 34 962 -1 619 440 -1 656 601 -1 632 751
-1 626 -1 979 -1 107 -1 195 872 408 826 455 61 351 356 -1 620 424 584 -1 -1 427 -1 23
-1 -1 621 29 -1 151 518 114 -1 194 -1 -1 42 -1 89 -1 -1 -1 -1 -1 -1 353 119 835
706 -1 -1 275 -1 360 751 111 532 237 86 274 426 -1 71 377 489 734 829 -1 884 413 317 622
-1 -1 -1 -1 -1 -1 -1 -1 761 623 -1 -1 -1 690 -1 -1 743 -1 -1 634 -1 -1 -1 -1
-1 -1 -1 -1 624 -1 -1 -1 -1 -1 -1 -1 -1 -1 -1 -1 -1 -1 834 414 -1 -1 -1 267
761 555 903 -1 810 -1 93 -1 508 338 611 -1 -1 -1 253 -1 920 133 -1 420 23 654 -1 625
467 351 330 194 758 157 370 -1 837 471 112 324 132 204 -1 555 716 701 388 626 -1 -1 -1 -1
825 -1 -1 -1 -1 -1 784 -1 344 199 803 70 577 756 589 -1 -1 621 627 -1 233 160 859 -1
-1 -1 -1 -1 -1 -1 -1 -1 902 -1 -1 260 -1 -1 -1 -1 -1 -1 -1 -1 -1 -1 -1 628
637 954 629 178 335 -1 -1 897 -1 193 271 988 96 -1 422 609 493 349 800 -1 124 -1 -1 -1
639 426 -1 685 -1 634 486 512 51 -1 -1 -1 -1 -1 -1 415 993 -1 718 638 194 -1 630 172
-1 -1 100 27 77 -1 -1 -1 505 27 243 575 217 775 880 -1 631 810 233 889 -1 -1 855 510
513 -1 448 -1 -1 -1 -1 -1 -1 -1 283 -1 -1 -1 -1 669 632 -1 -1 990 -1 -1 -1 -1
662 -1 -1 633 106 591 -1 -1 737 -1 975 447 -1 -1 347 -1 520 142 -1 688 110 130 891 298
-1 -1 -1 -1 -1 634 -1 -1 -1 -1 144 -1 -1 -1 -1 -1 -1 -1 -1 -1 -1 994 -1 -1
147 -1 896 712 215 793 126 398 -1 843 -1 -1 -1 318 365 198 -1 436 829 470 635 241 291 -1
431 -1 -1 363 -1 16 636 332 991 662 636 437 879 133 189 184 806 472 501 351 339 645 969 908
-1 955 -1 576 637 -1 -1 227 -1 -1 114 -1 -1 -1 892 -1 394 992 255 0 -1 -1 469 888
-1 81 885 761 256 231 -1 649 638 142 831 -1 -1 269 867 -1 141 140 818 612 191 -1 175 341
-1 -1 -1 -1 -1 -1 440 -1 292 -1 -1 -1 358 -1 531 253 365 973 639 741 -1 -1 528 -1
666 709 815 801 940 6 582 151 279 463 513 368 -1 -1 724 958 560 81 387 375 640 -1 342 951
763 550 406 641 -1 -1 125 572 955 -1 -1 39 152 -1 -1 145 913 635 -1 344 891 -1 206 488
962 41 432 18 281 117 386 85 278 761 980 890 254 781 851 108 853 501 773 22 369 647 700 361
840 569 678 649 966 497 599 92 590 62 676 801 464 262 57 693 918 308 553 530 384 131 116 802
-1 -1 209 -1 791 -1 644 -1 -1 177 363 -1 483 454 -1 808 -1 651 -1 -1 -1 -1 -1 -1
-1 -1 -1 -1 -1 -1 -1 -1 -1 -1 -1 -1 -1 875 -1 975 -1 -1 645 -1 -1 -1 -1 -1
-1 -1 642 -1 646 931 662 -1 774 433 -1 442 586 688 20 -1 735 445 -1 234 983 935 -1 775
695 566 711 489 127 644 33 378 260 885 500 350 746 460 808 269 984 299 420 891 266 232 923 400
717 436 -1 996 29 648 -1 388 232 -1 640 405 267 178 -1 678 -1 80 -1 -1 666 551 135 773
-1 -1 754 497 92 -1 943 -1 -1 449 -1 -1 -1 -1 -1 -1 -1 -1 -1 -1 -1 649 -1 938
847 -1 853 343 590 989 569 183 958 798 -1 421 816 -1 -1 732 -1 527 -1 -1 650 469 178 -1
168 794 6 388 102 559 200 455 741 -1 952 -1 -1 667 767 -1 123 651 171 54 427 827 249 991
-1 -1 -1 -1 -1 -1 305 -1 821 -1 -1 -1 -1 -1 -1 -1 -1 -1 -1 -1 -1 652 -1 -1
-1 -1 -1 595 -1 653 738 -1 -1 462 -1 111 388 303 411 -1 -1 -1 -1 346 763 809 -1 270
404 949 374 550 685 814 115 671 43 225 640 615 518 667 804 229 482 448 942 175 375 588 244 837
75 169 751 -1 -1 486 745 829 478 598 2 866 -1 655 540 -1 966 504 597 433 353 197 879 789
-1 243 14 -1 145 184 750 -1 634 -1 808 -1 -1 -1 -1 787 86 -1 827 742 -1 656 -1 -1
694 103 909 34 340 310 788 -1 18 234 980 179 392 901 252 239 510 11 806 157 805 657 176 580
377 131 604 500 883 286 706 227 982 -1 154 776 266 -1 885 111 490 912 921 83 658 12 480 142
232 65 176 138 127 898 -1 14 999 823 715 790 937 659 384 861 182 972 -1 9 738 787 444 479
-1 721 -1 553 -1 -1 -1 492 417 -1 -1 -1 -1 291 636 414 -1 36 -1 -1 660 -1 -1 -1
162 -1 35 -1 624 175 203 935 796 41 23 -1 608 423 246 877 50 121 233 105 979 774 661 -1
-1 -1 781 968 -1 154 611 898 -1 -1 -1 -1 725 381 441 -1 -1 -1 -1 119 899 662 712 564
635 999 -1 -1 -1 -1 -1 -1 -1 -1 579 -1 180 663 796 -1 -1 877 -1 989 -1 -1 -1 -1
12 713 307 629 182 471 55 694 103 501 -1 69 450 519 571 996 664 746 -1 -1 322 830 539 903
10 576 940 208 215 932 480 110 408 895 937 101 259 12 796 698 377 897 388 469 335 726 196 592
-1 -1 -1 666 -1 -1 -1 -1 -1 -1 -1 -1 -1 -1 -1 -1 -1 -1 662 -1 -1 -1 362 -1
-1 -1 -1 547 -1 -1 -1 -1 -1 -1 829 863 87 994 638 520 -1 -1 926 474 -1 -1 -1 667
668 775 -1 877 -1 -1 -1 981 670 -1 286 884 362 747 95 -1 929 132 880 864 -1 -1 -1 598
439 761 -1 658 967 338 -1 122 498 176 669 68 -1 33 318 473 63 760 539 9 121 336 -1 833
933 -1 -1 -1 -1 -1 -1 888 -1 -1 475 -1 -1 -1 -1 -1 -1 -1 -1 670 -1 854 -1 -1
-1 -1 171 -1 -1 -1 -1 -1 -1 -1 718 -1 317 205 -1 -1 -1 -1 742 -1 -1 -1 -1 671
-1 647 162 455 730 784 983 101 957 121 672 346 -1 -1 439 190 214 17 -1 607 381 55 702 -1
-1 0 864 -1 -1 390 -1 810 431 -1 -1 623 391 673 614 -1 461 -1 -1 643 537 -1 -1 556
-1 -1 -1 -1 -1 -1 -1 -1 -1 -1 -1 -1 -1 683 -1 -1 -1 -1 -1 -1 674 740 416 -1
-1 -1 691 675 -1 -1 529 988 -1 306 -1 -1 929 -1 -1 -1 -1 -1 -1 351 804 364 254 -1
-1 -1 -1 -1 -1 847 -1 185 676 -1 705 128 -1 -1 -1 523 -1 675 635 -1 119 -1 -1 -1
597 299 677 482 820 391 67 476 477 510 939 550 617 -1 214 798 451 486 591 926 377 752 482 709
-1 455 60 194 -1 762 789 83 738 232 -1 812 358 70 515 636 780 151 551 678 -1 625 819 492
-1 -1 -1 -1 -1 -1 -1 146 171 -1 753 -1 422 -1 679 450 -1 215 -1 20 69 -1 340 271
-1 -1 -1 31 602 399 -1 162 -1 619 -1 -1 418 -1 -1 -1 851 755 964 -1 291 981 284 680
169 899 581 389 -1 -1 -1 -1 -1 -1 -1 681 -1 -1 -1 729 808 897 521 209 113 -1 974 -1
238 810 291 -1 634 369 -1 -1 977 7 15 578 -1 -1 561 276 927 -1 -1 357 -1 835 682 -1
-1 -1 -1 -1 -1 -1 554 -1 -1 -1 -1 536 -1 -1 683 -1 -1 -1 -1 -1 -1 -1 -1 -1
483 684 -1 784 858 -1 133 379 24 126 904 -1 -1 475 -1 798 689 781 324 -1 215 -1 -1 -1
813 961 36 832 873 528 66 558 979 397 245 503 574 685 380 699 314 765 12 567 476 0 747 107
558 762 760 525 509 638 418 191 899 971 449 624 173 107 189 598 156 812 759 53 988 665 242 511
-1 240 -1 -1 128 -1 -1 -1 -1 865 377 -1 -1 -1 -1 134 -1 -1 366 687 -1 37 -1 -1
-1 296 110 -1 -1 653 688 -1 -1 -1 -1 165 -1 -1 -1 -1 498 -1 553 -1 62 -1 -1 79
-1 627 -1 554 -1 133 -1 210 -1 -1 -1 -1 -1 -1 18 689 -1 -1 -1 123 -1 496 472 -1
136 427 727 643 157 635 888 83 410 690 -1 965 873 81 375 514 208 844 757 784 649 14 820 847
598 238 556 324 380 159 532 515 77 17 412 286 762 191 169 837 946 877 686 712 569 -1 691 408
-1 961 977 325 692 127 -1 614 -1 543 29 -1 302 -1 -1 -1 -1 232 -1 -1 -1 -1 -1 194
-1 693 -1 460 146 540 44 32 240 126 690 93 836 356 489 658 342 366 202 685 542 700 -1 60
-1 661 374 -1 859 595 753 -1 -1 -1 662 -1 -1 -1 -1 782 -1 -1 -1 694 917 113 272 -1
-1 -1 585 -1 -1 -1 -1 264 -1 181 -1 227 695 177 121 385 -1 321 -1 -1 556 414 410 548
435 416 347 924 788 2 60 321 602 178 969 964 754 968 622 803 424 668 389 366 495 854 791 782
163 605 72 492 926 733 635 79 709 768 934 223 42 766 669 740 643 493 800 955 656 340 868 484
-1 348 559 43 738 595 -1 346 471 583 816 -1 530 -1 929 311 -1 791 291 501 770 -1 404 698
936 25 14 338 383 771 661 699 38 89 383 794 752 -1 918 813 757 67 837 805 885 607 225 -1
-1 -1 -1 -1 -1 -1 382 -1 700 -1 -1 -1 -1 -1 805 -1 -1 -1 -1 -1 484 -1 -1 -1
691 121 991 182 414 756 716 200 987 82 139 74 88 703 309 112 479 25 19 567 806 625 857 94
799 221 583 929 243 336 913 50 201 252 654 823 213 537 731 809 462 744 461 764 320 877 434 871
-1 -1 -1 -1 -1 -1 703 -1 -1 -1 -1 -1 -1 -1 -1 -1 -1 156 -1 -1 -1 -1 -1 155
-1 -1 -1 -1 704 -1 -1 -1 -1 -1 -1 -1 -1 -1 -1 -1 -1 -1 -1 -1 -1 -1 -1 -1
469 130 -1 -1 -1 -1 391 -1 -1 -1 790 -1 438 389 705 -1 -1 870 541 82 -1 -1 -1 569
-1 -1 -1 656 -1 357 -1 -1 -1 -1 -1 943 389 -1 -1 -1 -1 -1 -1 -1 -1 706 -1 -1
-1 -1 -1 -1 -1 -1 707 -1 -1 511 -1 -1 -1 -1 -1 -1 -1 -1 -1 -1 -1 -1 -1 -1
-1 708 -1 -1 -1 -1 -1 36 -1 120 -1 -1 -1 -1 -1 396 419 364 399 -1 -1 -1 -1 -1
-1 39 460 465 968 879 406 286 -1 744 -1 772 49 -1 -1 -1 -1 492 255 -1 281 -1 709 477
142 150 812 -1 -1 375 888 -1 624 -1 563 347 473 -1 994 344 298 710 108 402 352 6 -1 900
-1 383 -1 642 -1 -1 -1 -1 -1 -1 929 778 139 747 497 -1 -1 673 7 711 403 3 -1 432
-1 828 677 -1 319 988 -1 495 539 -1 785 -1 846 -1 697 60 38 299 -1 347 712 627 383 756
-1 -1 -1 -1 -1 -1 -1 -1 867 -1 912 743 316 101 -1 215 -1 -1 -1 209 725 119 -1 713
444 525 433 -1 -1 607 408 -1 732 932 -1 -1 -1 -1 332 -1 372 866 -1 -1 -1 -1 -1 714
814 13 743 94 224 818 943 533 -1 715 -1 129 931 599 691 508 95 -1 760 191 388 -1 989 500
-1 -1 152 -1 -1 759 99 330 -1 210 716 -1 -1 -1 488 -1 -1 -1 689 931 -1 -1 40 -1
541 28 74 923 -1 90 717 801 318 587 115 376 825 12 388 776 746 776 726 708 86 -1 297 491
939 788 -1 761 -1 -1 -1 -1 -1 -1 -1 111 -1 -1 -1 -1 -1 909 -1 718 -1 -1 -1 -1
-1 153 40 -1 256 899 754 603 882 33 631 113 -1 419 -1 719 267 574 15 134 976 -1 248 -1
-1 13 426 185 742 598 -1 333 699 11 523 701 826 711 218 -1 720 110 799 564 967 99 970 735
-1 -1 -1 -1 973 -1 -1 -1 721 566 -1 -1 -1 725 321 651 590 773 -1 157 275 -1 -1 -1
-1 -1 -1 -1 -1 -1 -1 722 -1 -1 -1 136 -1 -1 604 -1 -1 -1 -1 -1 -1 -1 -1 -1
604 271 214 564 723 -1 161 170 -1 798 837 -1 423 922 971 250 -1 457 971 356 -1 645 964 -1
-1 -1 -1 -1 -1 724 -1 -1 -1 -1 734 -1 274 335 -1 -1 -1 644 -1 -1 -1 -1 -1 -1
-1 -1 228 -1 71 -1 -1 -1 725 -1 -1 -1 -1 -1 -1 -1 -1 -1 -1 372 -1 -1 -1 -1
977 83 -1 787 743 690 -1 247 195 -1 105 160 -1 -1 -1 575 -1 310 -1 726 591 -1 -1 792
4 439 240 922 -1 -1 579 722 833 237 -1 -1 77 -1 834 756 -1 301 -1 33 727 -1 -1 -1
-1 -1 -1 -1 -1 -1 -1 -1 -1 795 -1 -1 -1 -1 -1 -1 -1 -1 -1 -1 728 -1 -1 -1
215 890 729 768 712 546 370 777 244 -1 484 991 -1 855 -1 711 -1 574 560 577 866 38 847 735
184 927 922 597 874 697 289 170 960 105 307 720 214 578 327 204 587 834 325 752 405 295 696 16
257 -1 673 143 75 368 -1 -1 174 -1 581 656 -1 -1 304 731 -1 65 639 566 -1 405 325 -1
851 481 -1 694 181 491 166 -1 827 367 935 -1 518 911 898 -1 388 509 -1 732 728 583 442 10
708 -1 103 -1 -1 750 258 721 1 661 184 906 -1 848 509 646 16 243 733 -1 -1 -1 87 283
734 523 -1 0 180 -1 965 -1 -1 260 359 -1 -1 464 668 625 384 -1 -1 781 947 -1 323 17
900 -1 644 -1 64 -1 -1 305 103 -1 574 604 850 -1 92 710 590 -1 -1 -1 774 -1 735 145
343 -1 -1 97 736 913 126 -1 164 -1 -1 -1 726 786 -1 -1 -1 320 888 218 -1 -1 31 645
737 -1 319 8 779 -1 -1 94 4 965 -1 249 613 724 737 564 -1 864 -1 822 986 739 -1 -1
578 -1 639 -1 388 176 -1 -1 454 427 208 307 616 -1 -1 -1 281 -1 -1 849 894 738 -1 60
-1 -1 -1 -1 915 -1 -1 -1 -1 -1 -1 -1 -1 -1 -1 -1 -1 -1 739 -1 -1 -1 -1 -1
-1 462 -1 -1 754 -1 -1 478 434 -1 18 -1 262 740 518 -1 -1 565 114 -1 -1 994 193 413
336 292 639 741 320 414 583 509 982 911 -1 591 874 254 731 492 808 757 102 906 683 817 291 139
138 476 779 495 -1 -1 293 138 300 318 152 -1 -1 -1 868 606 518 638 462 594 -1 742 497 274
983 941 495 743 66 816 741 336 51 463 135 352 801 437 387 969 550 893 273 293 107 281 852 357
324 591 250 801 609 597 108 744 357 368 680 972 132 318 828 593 440 612 220 199 915 568 208 158
-1 -1 193 -1 -1 268 0 416 -1 795 -1 -1 98 610 -1 -1 999 -1 -1 745 -1 -1 -1 -1
-1 -1 -1 886 342 502 -1 757 871 -1 -1 -1 553 902 -1 568 746 -1 617 890 308 -1 -1 -1
548 73 -1 939 36 725 483 616 155 747 772 -1 174 -1 662 -1 344 42 28 959 -1 523 587 122
485 -1 -1 -1 -1 -1 -1 168 -1 -1 -1 9 871 -1 527 -1 495 365 37 -1 748 286 420 -1
279 895 916 372 898 939 651 -1 69 10 953 209 502 895 -1 -1 864 749 258 -1 299 898 812 -1
835 589 212 99 -1 -1 -1 824 -1 -1 492 427 -1 750 540 976 -1 903 -1 86 -1 575 -1 485
-1 -1 -1 -1 567 699 751 -1 -1 -1 669 -1 -1 -1 -1 -1 -1 -1 -1 -1 -1 -1 -1 -1
202 158 675 792 102 950 330 111 444 680 848 935 974 392 547 453 402 205 775 276 442 443 311 727
328 292 110 -1 160 380 678 722 997 74 870 -1 -1 468 -1 415 -1 925 753 724 790 -1 686 565
-1 -1 -1 603 754 -1 -1 -1 -1 344 -1 112 315 -1 -1 501 -1 205 -1 -1 705 -1 678 -1
139 993 755 686 652 833 535 285 598 554 538 547 925 530 950 89 219 888 994 931 284 509 271 407
649 491 154 103 -1 829 675 389 483 480 419 264 -1 476 756 919 661 -1 640 435 -1 85 199 903
-1 -1 -1 506 -1 -1 757 -1 -1 -1 -1 -1 -1 -1 221 -1 204 -1 -1 -1 -1 -1 -1 484
758 644 -1 384 749 -1 793 120 962 870 -1 636 235 644 525 68 -1 -1 28 234 -1 337 449 504
-1 -1 -1 -1 -1 -1 -1 -1 -1 -1 -1 -1 -1 -1 -1 -1 -1 -1 -1 -1 -1 -1 -1 759
406 -1 248 398 -1 91 -1 158 -1 -1 -1 334 760 -1 693 -1 118 -1 -1 376 -1 -1 687 -1
761 870 956 531 374 -1 637 628 414 400 821 71 181 -1 757 -1 878 105 275 196 -1 604 147 361
696 -1 319 -1 -1 -1 526 -1 -1 46 -1 -1 920 -1 -1 -1 -1 -1 -1 -1 407 762 371 -1
-1 875 -1 -1 58 -1 654 -1 -1 823 633 -1 -1 -1 -1 -1 98 -1 842 876 651 763 -1 -1
590 111 -1 -1 764 132 -1 -1 24 -1 -1 22 708 949 938 488 -1 233 768 -1 -1 910 772 466
515 123 321 372 290 669 655 583 987 773 869 743 24 900 296 765 638 536 337 902 202 547 701 53
955 -1 766 785 540 350 -1 -1 -1 -1 129 689 -1 45 458 729 -1 -1 682 -1 343 603 758 -1
-1 638 -1 -1 -1 -1 43 5 -1 767 571 759 314 -1 729 -1 341 231 -1 282 -1 -1 -1 -1
493 -1 -1 426 746 999 960 416 76 408 -1 329 276 946 779 -1 551 272 790 893 681 736 768 971
732 466 872 332 533 516 268 421 651 749 617 218 210 314 536 838 298 68 734 360 341 986 284 362
116 77 770 317 402 434 820 701 229 634 382 574 630 147 -1 -1 851 887 621 40 883 819 577 765
-1 29 72 -1 -1 124 -1 171 -1 618 34 604 409 612 771 652 803 747 -1 86 39 357 258 -1
-1 772 965 319 -1 -1 -1 -1 -1 -1 -1 420 313 395 -1 -1 -1 -1 -1 -1 611 225 -1 -1
609 900 892 303 679 91 383 911 99 161 151 936 593 829 146 353 364 973 787 646 661 589 126 183
115 -1 10 337 246 720 559 387 301 969 403 774 940 136 779 836 750 731 803 -1 657 384 696 -1
-1 902 775 527 319 995 -1 338 -1 -1 -1 -1 -1 841 -1 -1 433 541 -1 629 -1 658 -1 101
-1 57 -1 -1 -1 -1 -1 -1 855 10 352 -1 -1 860 602 270 -1 504 -1 -1 -1 776 -1 -1
-1 -1 -1 -1 -1 -1 -1 -1 -1 529 442 -1 -1 -1 -1 -1 -1 -1 -1 964 193 777 -1 -1
1 947 264 -1 -1 -1 778 -1 645 -1 392 739 530 774 -1 468 -1 -1 164 783 -1 361 -1 596
864 734 779 865 601 205 -1 -1 763 -1 700 80 72 592 466 625 629 799 -1 772 937 -1 -1 886
-1 563 893 -1 -1 484 -1 172 271 -1 544 -1 832 941 -1 286 145 780 425 59 710 620 629 -1
594 376 264 152 976 772 18 409 724 229 971 329 995 161 817 151 651 648 812 55 781 -1 396 759
-1 -1 -1 782 -1 -1 -1 -1 -1 -1 475 -1 -1 -1 -1 -1 167 -1 -1 -1 55 -1 -1 137
21 -1 140 430 420 295 146 254 41 130 878 806 -1 6 359 -1 403 610 122 513 -1 572 783 684
-1 -1 -1 -1 -1 -1 -1 -1 -1 -1 -1 328 -1 -1 -1 -1 -1 -1 -1 -1 -1 784 -1 -1
-1 576 -1 886 180 342 -1 486 944 -1 88 687 -1 -1 0 -1 -1 -1 -1 785 -1 180 216 694
306 44 805 493 721 -1 -1 -1 296 -1 -1 212 998 786 515 320 295 947 -1 -1 -1 -1 770 789
872 509 -1 740 852 853 -1 194 245 891 -1 -1 509 932 882 -1 283 -1 340 -1 442 731 366 787
-1 788 -1 -1 -1 -1 -1 -1 -1 -1 -1 -1 -1 -1 -1 -1 -1 -1 -1 -1 -1 -1 -1 -1
18 -1 -1 -1 470 341 48 114 496 115 789 -1 -1 956 405 243 -1 465 -1 -1 -1 873 867 679
-1 537 -1 -1 -1 -1 -1 -1 -1 -1 -1 790 -1 -1 -1 -1 -1 -1 -1 -1 -1 -1 -1 -1
706 504 633 526 496 29 508 975 367 135 463 323 124 875 779 51 944 839 977 256 75 728 4 282
-1 895 -1 -1 792 964 -1 347 -1 774 647 30 684 757 40 43 -1 -1 595 435 -1 -1 12 878
915 415 -1 793 849 -1 658 580 818 942 890 408 349 821 173 986 721 480 884 222 497 -1 295 -1
425 214 462 718 173 447 665 794 772 -1 -1 371 271 264 778 853 -1 875 847 520 953 888 767 606
652 -1 364 -1 830 -1 -1 277 939 725 731 795 712 -1 -1 -1 980 -1 -1 24 -1 -1 575 811
-1 -1 -1 -1 -1 -1 -1 -1 -1 -1 796 -1 -1 -1 -1 -1 -1 -1 -1 -1 -1 -1 -1 -1
-1 797 -1 439 315 -1 -1 -1 -1 -1 973 -1 -1 265 -1 -1 173 -1 805 -1 -1 592 -1 -1
-1 -1 -1 -1 -1 71 -1 -1 -1 510 798 -1 -1 -1 -1 -1 -1 -1 -1 -1 -1 606 -1 -1
405 411 802 -1 501 641 799 -1 -1 287 -1 320 -1 30 -1 830 297 -1 -1 -1 -1 -1 -1 -1
981 142 758 946 272 -1 271 559 677 -1 795 873 418 -1 -1 -1 800 -1 346 -1 -1 -1 796 -1
117 -1 596 -1 -1 684 479 -1 144 16 899 -1 801 200 -1 -1 -1 867 -1 635 13 -1 78 996
212 185 287 -1 534 690 -1 -1 630 -1 -1 81 -1 -1 -1 -1 274 -1 -1 -1 73 802 -1 -1
355 666 398 1 709 908 305 487 122 339 803 780 440 441 224 897 840 375 923 726 563 64 774 236
-1 804 800 -1 -1 -1 -1 -1 -1 -1 -1 -1 -1 -1 -1 776 -1 778 53 -1 -1 -1 -1 -1
-1 191 -1 805 -1 362 98 303 295 -1 139 93 -1 492 -1 -1 -1 -1 238 858 -1 -1 -1 -1
772 -1 -1 320 617 -1 -1 -1 -1 -1 -1 806 -1 -1 -1 890 278 -1 -1 -1 912 -1 -1 -1
-1 -1 -1 -1 -1 -1 -1 -1 -1 -1 -1 -1 807 -1 -1 -1 -1 -1 -1 -1 -1 -1 -1 -1
-1 -1 -1 -1 926 -1 -1 -1 -1 691 -1 -1 -1 759 -1 -1 506 -1 20 795 79 808 -1 -1
-1 -1 -1 -1 31 -1 -1 751 547 187 298 -1 -1 711 -1 -1 -1 32 -1 -1 -1 809 -1 804
-1 867 531 -1 -1 202 846 216 810 679 -1 -1 -1 128 501 -1 346 -1 -1 -1 -1 -1 530 841
849 514 811 177 801 244 892 338 68 805 612 578 743 -1 665 -1 101 911 -1 153 268 339 -1 458
816 501 377 393 603 758 66 832 16 812 951 -1 831 -1 -1 918 -1 31 500 919 239 284 660 -1
962 -1 317 -1 -1 181 813 -1 -1 267 -1 -1 -1 -1 470 307 -1 -1 516 -1 -1 142 350 -1
298 92 -1 -1 814 -1 -1 -1 361 -1 794 -1 727 -1 -1 438 -1 -1 780 100 82 677 -1 -1
-1 -1 917 41 -1 -1 608 -1 -1 140 -1 -1 473 918 676 -1 -1 -1 -1 815 -1 -1 -1 809
127 24 761 168 113 631 829 340 -1 816 819 112 824 337 186 329 545 516 495 -1 149 675 743 400
498 468 434 162 264 636 85 357 141 817 655 434 460 818 186 875 824 659 863 -1 901 960 167 587
-1 -1 -1 -1 202 -1 -1 -1 818 -1 -1 98 -1 128 -1 -1 -1 -1 -1 -1 -1 -1 -1 -1
-1 819 -1 -1 -1 -1 -1 -1 -1 -1 -1 929 -1 -1 -1 -1 -1 -1 -1 -1 -1 -1 584 -1
636 -1 77 -1 -1 -1 -1 698 784 -1 820 -1 -1 287 -1 -1 -1 -1 394 -1 -1 -1 -1 34
306 -1 -1 -1 -1 -1 562 -1 -1 399 -1 -1 -1 -1 -1 -1 341 821 -1 -1 965 -1 628 -1
575 665 538 567 85 289 822 571 -1 -1 559 -1 -1 158 501 15 -1 691 78 70 -1 718 -1 -1
-1 -1 823 -1 -1 -1 -1 -1 -1 -1 -1 -1 -1 -1 -1 -1 -1 -1 -1 -1 -1 83 -1 418
-1 -1 -1 -1 -1 -1 -1 -1 824 -1 -1 -1 -1 -1 -1 -1 -1 -1 -1 -1 -1 -1 -1 -1
-1 -1 638 -1 -1 471 661 -1 -1 -1 -1 919 -1 -1 -1 -1 -1 -1 -1 825 -1 -1 703 -1
-1 -1 -1 -1 -1 -1 -1 -1 -1 826 -1 -1 -1 -1 -1 -1 -1 -1 -1 -1 -1 -1 -1 -1
-1 300 74 -1 -1 -1 -1 -1 331 -1 827 -1 983 317 -1 994 -1 -1 932 997 326 -1 459 -1
-1 626 481 987 -1 828 -1 -1 512 948 274 986 970 -1 -1 426 443 964 312 98 43 71 928 317
-1 -1 829 352 425 813 -1 -1 -1 845 -1 -1 -1 840 -1 559 569 466 -1 -1 442 -1 -1 -1
520 998 237 562 199 454 395 574 300 757 423 888 721 794 710 313 272 338 538 177 745 78 933 380
316 174 474 841 626 235 109 630 658 56 179 84 715 203 860 810 581 883 473 835 717 67 928 894
511 915 453 318 -1 305 -1 435 832 128 434 248 945 -1 698 842 806 -1 732 524 687 127 470 148
-1 -1 -1 -1 -1 -1 -1 -1 -1 -1 -1 -1 -1 -1 -1 -1 -1 -1 -1 -1 833 -1 -1 -1
468 612 106 767 912 951 180 87 114 880 774 263 339 539 992 409 100 505 573 248 850 239 355 458
-1 -1 -1 -1 -1 -1 835 -1 -1 -1 -1 -1 -1 -1 -1 37 -1 821 -1 -1 380 350 -1 -1
-1 -1 -1 -1 -1 648 -1 -1 -1 -1 -1 510 -1 -1 -1 -1 327 -1 -1 -1 -1 -1 352 836
783 -1 837 833 834 -1 -1 285 29 781 182 665 233 -1 -1 785 -1 -1 -1 -1 796 -1 -1 -1
-1 241 404 207 753 690 34 743 669 224 485 838 683 734 692 76 70 493 806 -1 821 484 240 416
-1 -1 155 -1 -1 -1 478 654 -1 -1 -1 -1 -1 654 -1 -1 9 -1 -1 -1 -1 -1 -1 839
-1 -1 -1 -1 -1 -1 -1 654 -1 -1 -1 -1 -1 -1 -1 -1 -1 -1 840 -1 -1 -1 -1 -1
832 -1 462 38 536 281 587 269 46 558 147 611 -1 113 301 338 745 282 142 -1 16 841 166 149
-1 -1 36 -1 606 -1 -1 -1 -1 526 991 993 -1 631 324 842 500 56 537 -1 23 124 759 317
-1 -1 -1 420 703 -1 -1 -1 843 966 -1 -1 231 -1 -1 -1 -1 -1 -1 -1 -1 723 -1 -1
-1 -1 -1 -1 692 -1 -1 -1 -1 -1 -1 -1 -1 -1 -1 -1 845 290 -1 -1 -1 -1 -1 844
506 14 771 589 525 171 845 445 950 808 501 -1 -1 305 38 575 286 400 452 218 474 -1 449 -1
-1 -1 -1 -1 -1 -1 -1 -1 -1 -1 -1 -1 -1 -1 -1 -1 846 -1 -1 -1 -1 -1 -1 -1
121 953 287 -1 -1 307 60 718 -1 -1 423 775 744 847 596 -1 196 641 16 -1 289 949 704 488
-1 -1 -1 -1 930 915 -1 580 -1 -1 -1 -1 -1 870 -1 443 924 848 -1 -1 -1 -1 700 -1
-1 978 354 -1 749 849 -1 134 -1 -1 569 832 111 71 474 14 348 720 891 -1 116 -1 -1 68
998 -1 -1 -1 -1 880 43 289 702 72 -1 369 779 296 -1 639 23 965 -1 850 -1 -1 272 204
580 721 683 211 -1 744 676 856 -1 333 827 -1 -1 -1 -1 -1 -1 851 765 670 856 -1 -1 -1
-1 -1 -1 -1 -1 -1 -1 -1 -1 541 -1 -1 35 -1 852 -1 -1 -1 -1 -1 708 -1 -1 -1
181 -1 101 52 -1 -1 761 972 439 -1 161 93 840 56 357 589 -1 585 141 200 -1 506 -1 853
565 854 715 -1 -1 788 -1 216 -1 92 -1 -1 256 -1 310 -1 483 776 361 -1 660 -1 -1 20
-1 -1 -1 -1 793 855 -1 -1 -1 503 -1 -1 -1 -1 -1 -1 -1 -1 709 -1 -1 -1 911 205
-1 -1 167 -1 -1 -1 -1 856 -1 -1 275 -1 -1 -1 -1 -1 -1 -1 -1 -1 -1 -1 -1 -1
-1 689 -1 -1 -1 -1 362 -1 -1 564 690 55 -1 -1 638 171 598 408 -1 857 149 -1 -1 162
858 -1 -1 -1 -1 955 -1 -1 -1 821 -1 -1 628 922 -1 -1 -1 -1 -1 316 508 410 -1 -1
-1 -1 894 -1 -1 650 -1 -1 -1 -1 859 -1 -1 923 -1 -1 -1 983 -1 -1 -1 -1 -1 87
-1 391 907 369 979 -1 0 603 162 436 64 987 256 -1 724 860 280 -1 117 -1 125 349 385 204
-1 -1 -1 -1 -1 -1 -1 -1 -1 770 -1 861 -1 -1 677 -1 539 -1 -1 -1 -1 -1 -1 -1
725 722 498 640 394 109 862 789 349 261 748 281 -1 75 538 406 199 835 604 75 248 42 600 930
863 78 -1 632 -1 -1 -1 -1 -1 -1 363 -1 -1 -1 -1 -1 457 943 -1 -1 -1 -1 73 -1
-1 -1 -1 -1 -1 864 -1 -1 813 953 777 -1 -1 -1 -1 720 -1 90 -1 808 656 -1 -1 435
-1 -1 -1 -1 -1 -1 -1 -1 -1 -1 -1 -1 -1 -1 -1 -1 318 -1 -1 -1 -1 -1 865 -1
-1 386 49 -1 158 -1 419 92 702 507 866 -1 285 17 -1 -1 403 112 -1 205 -1 -1 -1 -1
305 -1 -1 -1 543 -1 -1 186 -1 -1 485 104 -1 -1 480 72 927 -1 867 -1 -1 8 -1 -1
-1 -1 -1 -1 -1 -1 -1 -1 -1 -1 153 -1 -1 -1 623 617 -1 970 -1 -1 868 -1 -1 -1
683 889 -1 298 483 -1 -1 798 568 624 389 869 756 -1 -1 221 756 -1 -1 906 -1 171 -1 744
-1 -1 870 -1 -1 -1 -1 -1 -1 -1 -1 -1 -1 -1 -1 688 -1 -1 -1 453 681 191 521 -1
866 412 924 526 795 612 965 -1 390 587 455 116 871 -1 188 23 -1 380 -1 571 -1 -1 -1 614
451 213 -1 720 -1 929 -1 779 -1 803 -1 -1 587 -1 -1 872 465 443 -1 345 487 -1 993 154
-1 873 -1 218 -1 -1 -1 975 -1 165 -1 -1 -1 -1 -1 -1 -1 90 -1 -1 -1 -1 107 839
628 791 552 424 672 610 -1 828 514 162 156 825 874 623 365 549 808 291 -1 978 -1 46 839 29
987 -1 -1 737 -1 -1 -1 -1 875 -1 -1 -1 -1 -1 129 226 -1 -1 374 -1 723 -1 97 -1
519 110 12 204 768 273 81 985 656 221 151 218 876 36 848 147 662 443 127 286 653 396 806 465
-1 -1 715 -1 242 -1 -1 393 136 -1 -1 691 633 -1 727 899 -1 37 -1 877 110 -1 845 -1
346 261 88 327 -1 648 424 281 983 425 36 833 878 768 776 826 200 645 759 649 870 160 811 915
-1 249 597 58 437 -1 513 617 -1 -1 113 -1 865 -1 -1 -1 879 -1 -1 -1 -1 -1 -1 -1
-1 -1 -1 880 -1 -1 391 -1 -1 -1 -1 -1 -1 -1 -1 -1 -1 -1 -1 -1 -1 -1 -1 -1
-1 -1 -1 -1 -1 881 451 931 -1 424 -1 -1 899 -1 263 -1 19 94 -1 101 943 -1 -1 50
898 426 961 34 527 591 224 219 981 24 641 246 563 465 795 820 251 906 542 996 211 904 865 368
-1 -1 -1 -1 553 116 -1 693 990 2 -1 90 488 883 215 517 183 -1 -1 -1 -1 -1 509 207
-1 51 362 270 -1 -1 443 -1 357 -1 979 977 668 779 884 -1 962 425 -1 -1 496 -1 18 -1
848 492 237 879 391 175 999 885 454 472 926 730 518 824 913 516 465 935 579 267 547 339 525 237
575 948 478 -1 -1 -1 726 -1 -1 291 886 645 350 -1 -1 -1 570 576 432 696 22 -1 701 663
369 981 484 720 706 546 461 571 616 -1 510 232 956 891 -1 152 325 71 795 375 534 512 6 887
-1 -1 888 -1 -1 -1 17 412 297 -1 -1 -1 -1 -1 -1 -1 -1 -1 -1 -1 -1 -1 -1 -1
-1 -1 -1 -1 -1 -1 -1 -1 -1 -1 -1 -1 -1 -1 -1 -1 -1 -1 -1 -1 -1 -1 -1 889
890 791 69 986 505 436 89 -1 672 805 722 -1 203 592 57 -1 33 193 -1 911 148 -1 797 967
345 -1 -1 -1 8 183 -1 -1 891 559 -1 -1 -1 670 -1 22 274 590 -1 -1 649 -1 900 891
92 365 -1 680 263 771 370 478 274 -1 859 -1 55 293 451 82 586 411 760 189 693 811 917 892
-1 -1 -1 127 -1 -1 -1 -1 -1 -1 199 -1 -1 897 -1 878 -1 110 -1 893 -1 -1 479 -1
104 401 851 -1 775 627 159 -1 637 655 214 733 624 955 562 474 -1 834 894 61 473 -1 -1 867
-1 611 670 -1 776 7 862 187 141 245 361 715 279 935 492 -1 895 146 160 116 -1 484 229 -1
-1 -1 -1 890 -1 -1 -1 -1 -1 186 573 -1 522 -1 -1 -1 72 -1 -1 -1 896 -1 -1 -1
968 814 299 143 308 754 486 239 803 778 223 529 825 804 457 966 360 561 56 806 121 897 998 238
-1 -1 -1 -1 898 164 -1 -1 -1 -1 -1 -1 -1 -1 -1 -1 562 721 679 254 414 -1 -1 -1
-1 899 -1 -1 562 -1 -1 -1 237 -1 -1 -1 124 -1 -1 423 -1 -1 -1 -1 807 -1 721 -1
788 -1 -1 123 -1 -1 -1 904 349 300 215 -1 -1 852 599 -1 -1 633 207 900 -1 386 572 -1
-1 6 -1 369 -1 790 832 -1 -1 896 901 746 494 336 480 121 740 -1 943 312 958 507 -1 491
-1 592 962 545 902 969 342 356 317 900 37 156 168 908 294 971 225 852 88 785 888 18 431 455
-1 -1 -1 -1 -1 -1 -1 -1 -1 -1 -1 903 -1 -1 -1 -1 -1 -1 -1 -1 729 -1 -1 -1
-1 -1 316 -1 -1 -1 -1 -1 -1 -1 557 906 -1 -1 -1 862 258 733 -1 977 -1 -1 904 -1
-1 -1 -1 -1 -1 -1 -1 -1 -1 905 -1 -1 -1 -1 -1 -1 -1 -1 -1 -1 -1 -1 -1 -1
48 -1 684 597 -1 -1 -1 -1 -1 -1 -1 -1 -1 -1 -1 436 906 -1 -1 -1 -1 -1 -1 420
-1 308 907 -1 -1 88 179 -1 -1 611 928 -1 68 56 -1 -1 448 144 618 403 179 -1 -1 319
-1 -1 -1 493 541 908 -1 -1 -1 22 -1 -1 223 301 680 -1 -1 -1 816 -1 -1 -1 -1 -1
176 158 -1 63 -1 -1 54 -1 834 909 -1 172 217 488 675 517 56 831 -1 832 555 306 -1 -1
782 924 343 750 478 237 385 471 692 316 23 100 378 161 695 549 910 929 618 206 135 397 175 111
-1 79 -1 -1 -1 -1 -1 -1 -1 -1 911 -1 175 -1 -1 -1 -1 -1 -1 -1 946 -1 -1 913
402 452 678 -1 846 -1 947 152 206 -1 -1 -1 472 -1 -1 -1 585 298 936 -1 912 746 448 652
770 404 664 284 619 744 30 686 564 899 357 226 -1 913 -1 670 832 308 -1 608 -1 92 450 926
581 964 207 593 925 417 607 26 914 11 264 348 232 690 627 82 699 136 833 510 453 641 706 369
699 195 -1 -1 807 655 614 -1 -1 33 889 915 897 402 -1 -1 384 185 400 -1 885 478 685 760
786 -1 451 -1 831 -1 252 -1 -1 -1 -1 -1 -1 -1 -1 -1 -1 -1 916 -1 436 -1 -1 -1
-1 819 332 -1 -1 393 805 640 -1 -1 -1 250 383 -1 -1 917 951 233 347 -1 632 -1 -1 -1
712 688 -1 -1 523 606 -1 173 -1 520 -1 50 -1 229 -1 -1 291 116 657 915 284 671 121 918
388 868 908 919 410 381 326 398 563 319 698 374 923 539 782 572 321 164 180 450 964 33 601 717
-1 -1 -1 -1 -1 -1 -1 -1 -1 -1 -1 -1 -1 -1 -1 920 -1 -1 -1 -1 -1 -1 -1 -1
577 115 659 739 532 392 21 -1 972 573 693 -1 52 -1 921 116 209 743 889 -1 984 45 -1 221
305 -1 232 511 453 157 -1 536 908 563 62 922 -1 32 515 -1 905 -1 16 246 500 773 339 -1
975 -1 -1 518 157 548 923 977 601 190 215 -1 -1 -1 610 306 -1 590 502 738 351 -1 270 223
-1 -1 -1 237 -1 854 -1 -1 112 924 439 603 -1 -1 -1 986 396 839 -1 751 -1 783 -1 -1
950 764 -1 -1 813 -1 274 362 215 623 780 925 102 -1 -1 900 362 823 -1 182 -1 -1 739 71
526 -1 -1 -1 114 -1 -1 -1 926 -1 -1 -1 -1 -1 452 323 965 -1 -1 -1 -1 -1 -1 -1
-1 -1 800 -1 703 -1 588 839 733 475 -1 711 -1 477 927 32 276 755 -1 -1 626 -1 -1 -1
-1 610 -1 -1 172 902 -1 223 928 700 -1 -1 -1 401 -1 -1 690 -1 -1 -1 361 229 550 194
-1 684 929 212 984 -1 516 522 -1 288 -1 795 859 172 -1 -1 629 714 80 416 -1 428 433 132
253 299 -1 200 678 255 426 -1 -1 101 -1 -1 559 -1 917 439 94 930 -1 923 -1 217 -1 -1
-1 -1 -1 931 -1 -1 -1 -1 -1 -1 -1 -1 -1 -1 -1 -1 -1 798 -1 -1 -1 -1 -1 -1
76 -1 81 389 -1 932 617 627 222 517 671 -1 676 1 354 328 928 375 -1 390 455 -1 717 443
-1 -1 -1 -1 -1 -1 933 -1 241 -1 -1 -1 -1 -1 -1 -1 -1 24 -1 -1 -1 793 -1 -1
30 -1 -1 398 648 665 -1 -1 356 810 136 55 825 735 -1 -1 305 -1 934 772 -1 400 -1 467
-1 -1 -1 -1 -1 -1 129 -1 -1 -1 935 -1 -1 -1 -1 -1 -1 -1 -1 -1 -1 411 862 -1
629 371 433 283 27 524 994 919 688 157 6 957 618 931 677 167 689 287 938 348 845 889 324 982
-1 629 277 708 517 29 361 -1 -1 -1 494 937 456 193 -1 846 453 984 435 456 88 6 496 462
-1 -1 684 355 -1 -1 -1 87 -1 -1 -1 -1 -1 -1 -1 938 -1 -1 -1 -1 -1 -1 -1 -1
600 798 939 506 248 -1 637 518 257 -1 351 -1 -1 -1 -1 -1 757 -1 -1 512 -1 973 649 501
-1 -1 -1 -1 -1 -1 -1 -1 940 -1 -1 -1 -1 -1 -1 -1 -1 -1 -1 -1 -1 -1 -1 -1
-1 -1 -1 -1 -1 -1 -1 -1 941 -1 -1 -1 -1 -1 -1 -1 -1 -1 568 -1 -1 -1 -1 -1
-1 -1 942 -1 654 -1 872 -1 -1 14 -1 -1 439 -1 -1 -1 -1 -1 -1 542 -1 370 344 -1
291 89 0 579 161 765 366 203 943 281 773 32 -1 597 687 203 -1 30 814 972 -1 652 965 971
920 -1 384 -1 -1 696 868 -1 -1 931 -1 -1 174 415 745 -1 -1 192 -1 347 944 -1 625 -1
513 775 318 688 -1 661 661 290 63 945 839 934 209 59 671 958 909 200 100 140 668 691 766 810
321 946 -1 376 -1 890 -1 -1 -1 -1 677 -1 875 -1 -1 -1 -1 206 -1 -1 -1 -1 665 271
-1 -1 -1 -1 -1 290 -1 733 -1 -1 -1 463 -1 -1 -1 -1 -1 -1 -1 947 -1 -1 -1 -1
291 -1 -1 -1 -1 -1 220 -1 -1 -1 -1 537 -1 -1 54 -1 487 -1 286 -1 -1 -1 -1 948
390 293 505 -1 -1 949 -1 -1 -1 -1 -1 -1 251 -1 -1 -1 -1 -1 -1 -1 -1 -1 -1 -1
-1 -1 -1 -1 -1 -1 -1 -1 -1 -1 -1 -1 950 -1 -1 -1 -1 -1 -1 -1 -1 -1 -1 -1
-1 4 -1 -1 -1 -1 -1 -1 -1 627 -1 -1 -1 271 -1 -1 951 575 993 -1 49 -1 -1 153
124 193 -1 -1 -1 863 952 957 723 906 567 330 405 76 776 -1 929 31 639 205 701 -1 -1 89
767 101 704 665 59 -1 294 93 -1 -1 85 435 280 -1 89 953 -1 214 638 708 759 945 -1 -1
-1 -1 -1 -1 -1 622 -1 -1 -1 -1 -1 -1 457 -1 -1 -1 -1 -1 -1 -1 -1 -1 954 -1
145 -1 -1 871 -1 -1 -1 -1 -1 5 955 185 -1 -1 605 280 665 -1 446 -1 632 -1 383 -1
-1 -1 -1 -1 -1 773 -1 -1 -1 487 956 -1 -1 -1 934 -1 -1 36 71 -1 -1 -1 -1 -1
925 747 826 -1 -1 957 136 190 908 -1 133 551 476 596 623 893 462 786 646 258 791 959 322 -1
99 -1 414 639 458 152 104 958 414 954 -1 -1 -1 92 761 350 -1 959 801 956 456 -1 -1 -1
-1 303 -1 -1 111 584 362 -1 959 -1 99 -1 -1 616 731 -1 -1 -1 -1 -1 -1 399 683 -1
892 -1 -1 -1 645 763 -1 -1 -1 51 -1 960 130 -1 -1 2 -1 -1 -1 -1 -1 -1 -1 58
447 496 961 324 764 921 -1 690 695 838 761 -1 -1 75 626 -1 176 474 986 -1 227 -1 -1 762
-1 -1 -1 -1 -1 894 -1 26 371 202 -1 -1 836 -1 -1 -1 -1 -1 -1 -1 755 297 962 -1
-1 -1 -1 -1 -1 -1 -1 -1 -1 -1 -1 -1 963 -1 -1 -1 -1 -1 -1 -1 -1 -1 -1 -1
580 -1 -1 -1 912 -1 -1 -1 -1 -1 -1 -1 -1 -1 -1 -1 -1 -1 -1 964 -1 448 -1 -1
-1 -1 845 294 -1 719 -1 -1 -1 -1 125 -1 -1 -1 -1 -1 965 -1 78 794 398 -1 355 424
935 -1 -1 -1 -1 -1 -1 -1 383 -1 -1 -1 764 -1 966 -1 -1 480 -1 322 -1 -1 -1 -1
262 -1 -1 -1 -1 374 956 -1 965 862 896 320 967 99 782 -1 -1 517 -1 398 665 -1 944 -1
-1 -1 -1 178 -1 813 916 968 -1 -1 657 746 -1 -1 347 676 -1 904 30 -1 -1 312 591 597
540 91 343 -1 180 342 382 832 969 883 -1 747 230 634 918 -1 872 176 402 444 538 913 967 983
505 382 463 720 874 -1 939 298 -1 970 -1 324 -1 -1 -1 -1 31 -1 909 -1 -1 691 554 -1
971 -1 739 -1 -1 612 -1 -1 706 179 -1 411 -1 590 -1 822 112 -1 -1 819 -1 824 842 863
-1 -1 -1 -1 -1 972 -1 -1 -1 -1 412 -1 -1 -1 -1 -1 -1 -1 973 -1 -1 -1 -1 256
-1 135 354 530 -1 973 460 134 -1 89 -1 800 -1 674 -1 549 248 797 4 -1 -1 -1 -1 -1
565 433 905 533 -1 992 704 -1 523 667 570 805 941 974 523 257 619 523 247 658 301 603 62 550
266 977 39 531 795 888 10 750 198 879 846 755 897 933 497 205 989 329 789 790 975 134 -1 716
976 50 158 258 -1 941 826 944 264 25 23 925 637 29 205 813 116 168 95 591 857 690 621 -1
-1 -1 977 -1 -1 -1 -1 583 -1 -1 -1 -1 -1 -1 -1 -1 -1 -1 -1 801 -1 -1 -1 -1
483 -1 -1 555 -1 -1 -1 105 -1 -1 551 -1 -1 -1 -1 867 -1 -1 610 -1 -1 454 -1 978
-1 -1 -1 272 -1 -1 -1 -1 -1 -1 309 -1 -1 -1 -1 -1 -1 -1 -1 979 -1 -1 578 -1
-1 -1 -1 980 -1 -1 -1 -1 768 -1 -1 309 -1 -1 173 83 -1 -1 -1 -1 -1 530 -1 -1
186 -1 962 -1 835 981 289 474 828 915 -1 759 547 655 995 932 -1 29 763 -1 -1 -1 -1 988
-1 -1 -1 -1 -1 -1 879 -1 -1 -1 982 -1 -1 -1 -1 -1 -1 -1 -1 -1 -1 -1 -1 -1
83 330 -1 940 285 -1 400 60 -1 588 749 332 344 167 436 771 983 289 495 16 233 638 941 200
405 138 928 574 453 984 317 -1 390 -1 -1 -1 758 -1 -1 -1 728 98 460 -1 185 -1 442 -1
-1 273 813 727 563 324 -1 -1 -1 209 178 -1 2 -1 235 472 -1 -1 524 -1 947 985 904 -1
298 704 395 6 335 945 276 564 352 356 255 794 986 668 138 577 322 163 518 78 -1 22 425 682
-1 -1 -1 -1 880 -1 -1 -1 -1 987 -1 -1 -1 -1 352 -1 -1 -1 -1 -1 56 -1 470 -1
124 591 939 329 412 -1 401 765 423 930 577 768 988 113 -1 457 511 613 363 128 19 400 828 17
-1 805 536 684 -1 -1 -1 -1 -1 843 -1 -1 -1 218 -1 -1 -1 -1 -1 989 -1 -1 -1 -1
279 367 -1 105 -1 236 546 224 -1 -1 192 204 -1 759 736 182 128 774 963 786 440 990 -1 974
920 -1 7 991 -1 506 124 -1 956 -1 -1 938 -1 -1 359 -1 -1 894 831 -1 -1 -1 -1 -1
-1 375 816 402 333 951 -1 52 -1 237 992 691 771 106 -1 508 867 438 -1 -1 206 692 -1 426
-1 -1 331 -1 131 -1 -1 -1 -1 -1 -1 -1 -1 993 -1 -1 -1 -1 -1 -1 -1 -1 -1 -1
161 981 230 -1 -1 939 238 384 484 148 979 994 745 404 384 -1 756 820 25 -1 235 -1 -1 356
-1 -1 -1 -1 -1 -1 -1 -1 -1 -1 -1 -1 -1 -1 -1 -1 -1 166 -1 -1 238 -1 -1 995
664 -1 -1 -1 -1 -1 71 378 779 570 -1 393 -1 -1 -1 -1 -1 -1 790 -1 -1 996 -1 650
447 46 629 771 879 87 823 988 844 649 786 813 269 -1 683 872 836 736 -1 -1 272 52 997 732
-1 -1 -1 998 -1 320 -1 382 -1 -1 -1 -1 -1 559 -1 -1 524 -1 -1 -1 -1 -1 -1 -1
854 385 426 435 999 14 15 72 372 207 -1 852 -1 727 187 271 445 953 310 680 202 -1 139 537
992 0 3 739 291 777 491 531 756 53 446
bbbbbbbbbb