100 24 2
71 0 41 90 97 99 24 1 33 16 49 89 52 70 80 53 75 57 48 72 42 60 51 98
1 13 20 72 72 32 43 2 16 77 40 97 -1 47 47 56 -1 -1 10 21 41 1 75 12
41 2 -1 -1 -1 67 -1 -1 34 -1 -1 7 2 -1 53 -1 -1 5 38 47 -1 79 -1 1
-1 54 9 -1 -1 96 -1 57 -1 -1 35 43 -1 15 -1 29 -1 -1 -1 -1 51 -1 -1 3
-1 -1 -1 -1 14 -1 -1 -1 4 -1 -1 -1 -1 -1 -1 80 -1 -1 -1 -1 49 -1 -1 -1
-1 -1 -1 -1 -1 -1 -1 -1 -1 -1 -1 -1 -1 -1 -1 -1 5 25 -1 -1 -1 -1 -1 -1
93 30 77 51 33 62 1 52 70 6 98 20 20 69 1 16 0 95 45 6 31 82 76 60
-1 69 -1 9 17 42 44 -1 -1 -1 -1 -1 11 7 -1 38 9 40 42 -1 81 95 -1 2
6 2 89 27 80 51 35 91 47 77 8 22 69 59 84 97 65 73 50 99 41 50 38 48
40 75 77 65 87 45 -1 9 92 97 9 -1 0 -1 33 3 67 89 66 35 0 82 42 11
-1 85 98 -1 -1 -1 -1 10 99 33 16 -1 5 -1 9 -1 48 66 10 96 -1 -1 58 30
64 -1 26 -1 -1 -1 -1 -1 -1 -1 -1 -1 -1 -1 -1 -1 -1 -1 11 48 -1 -1 -1 -1
-1 -1 -1 99 -1 -1 -1 12 -1 -1 2 -1 -1 -1 -1 4 81 77 5 -1 -1 -1 -1 -1
-1 -1 -1 -1 -1 -1 -1 -1 -1 -1 -1 -1 -1 -1 -1 13 -1 -1 -1 -1 -1 -1 -1 -1
-1 -1 -1 -1 -1 -1 -1 -1 14 -1 -1 12 -1 -1 -1 -1 -1 -1 -1 -1 -1 -1 -1 -1
-1 -1 -1 -1 -1 -1 88 44 24 -1 7 -1 -1 -1 43 15 56 34 19 67 -1 39 13 -1
94 -1 29 30 11 30 11 95 73 -1 69 16 22 72 52 -1 75 33 25 14 71 32 30 99
17 -1 -1 -1 -1 57 -1 -1 64 17 5 -1 -1 -1 -1 -1 84 -1 -1 -1 -1 -1 51 3
45 83 35 85 13 4 25 77 67 66 82 30 59 2 61 17 95 74 12 92 40 31 88 44
-1 -1 -1 -1 88 -1 97 -1 73 -1 -1 -1 19 -1 -1 -1 -1 55 -1 -1 0 -1 -1 -1
-1 -1 15 -1 -1 -1 -1 -1 -1 69 -1 -1 -1 54 -1 -1 -1 20 -1 -1 23 96 -1 -1
-1 -1 -1 -1 -1 -1 -1 -1 -1 21 93 -1 -1 -1 66 -1 97 -1 54 -1 80 36 2 1
78 43 86 69 32 62 48 67 -1 49 41 44 -1 84 22 79 40 99 22 13 66 57 85 65
-1 -1 -1 -1 -1 -1 -1 -1 -1 -1 -1 71 -1 -1 -1 -1 23 -1 -1 -1 83 -1 -1 -1
76 47 86 14 18 87 73 46 58 26 38 20 56 11 9 22 6 27 36 94 81 21 19 7
42 25 53 3 44 24 24 4 98 -1 8 93 63 9 39 37 69 96 -1 84 38 65 59 -1
-1 -1 -1 -1 -1 -1 -1 -1 -1 48 -1 85 -1 -1 -1 26 -1 58 -1 87 28 3 -1 -1
79 54 -1 96 2 27 80 95 -1 66 10 -1 -1 1 -1 -1 72 -1 -1 -1 69 48 0 19
-1 -1 -1 -1 -1 -1 -1 -1 -1 -1 -1 88 54 -1 64 -1 -1 -1 -1 -1 93 -1 28 -1
-1 24 -1 -1 -1 -1 -1 52 61 -1 -1 -1 26 -1 94 -1 -1 29 9 -1 90 78 67 87
9 30 -1 40 -1 72 60 10 42 91 74 49 -1 37 70 16 84 46 96 68 18 -1 -1 -1
67 9 94 2 77 29 31 -1 95 81 97 26 33 34 97 -1 5 61 75 53 15 -1 43 97
2 -1 42 -1 -1 57 -1 -1 32 -1 -1 -1 -1 41 -1 -1 29 88 -1 -1 -1 11 -1 -1
-1 45 -1 -1 71 -1 -1 -1 -1 -1 -1 -1 -1 -1 -1 -1 33 -1 -1 -1 -1 -1 -1 -1
8 13 43 2 52 22 50 12 60 74 55 94 86 20 58 14 53 19 34 28 68 72 6 97
-1 -1 -1 -1 -1 -1 -1 -1 -1 70 -1 -1 96 -1 -1 -1 -1 -1 -1 -1 15 -1 35 -1
-1 2 99 36 47 21 98 -1 81 39 3 -1 77 75 98 83 79 -1 60 -1 76 59 32 -1
-1 -1 47 -1 25 -1 -1 -1 59 61 -1 -1 37 33 77 -1 -1 77 62 68 73 -1 72 75
-1 -1 -1 85 -1 87 -1 72 -1 -1 -1 -1 -1 -1 71 77 -1 -1 -1 38 -1 27 -1 -1
84 -1 -1 -1 29 24 -1 -1 39 66 -1 -1 -1 -1 -1 61 -1 19 -1 -1 -1 -1 26 83
-1 -1 4 -1 -1 -1 51 -1 -1 -1 -1 40 46 -1 -1 71 99 -1 30 -1 -1 -1 -1 18
-1 3 -1 41 -1 -1 -1 -1 -1 -1 -1 -1 -1 -1 -1 -1 -1 -1 -1 -1 -1 -1 -1 -1
-1 -1 -1 -1 54 -1 -1 -1 42 -1 3 6 15 -1 -1 91 43 -1 24 -1 -1 3 -1 37
73 94 -1 43 85 33 -1 37 81 21 -1 81 98 5 79 17 -1 6 -1 -1 -1 5 7 -1
-1 -1 -1 -1 -1 -1 -1 -1 25 44 -1 -1 -1 -1 -1 -1 -1 64 -1 -1 -1 -1 -1 -1
-1 -1 -1 -1 -1 -1 -1 -1 -1 45 -1 -1 -1 -1 -1 -1 -1 -1 -1 -1 -1 -1 -1 -1
-1 -1 21 -1 9 24 -1 -1 -1 -1 46 36 22 46 -1 -1 28 -1 91 0 -1 1 -1 -1
-1 8 -1 -1 0 -1 -1 -1 -1 -1 -1 81 -1 -1 -1 95 26 -1 -1 -1 -1 47 -1 -1
-1 -1 56 -1 -1 -1 -1 86 59 -1 11 -1 -1 15 20 -1 -1 -1 -1 -1 -1 1 48 -1
-1 -1 -1 -1 89 -1 -1 -1 -1 -1 -1 49 -1 -1 -1 -1 20 -1 -1 -1 -1 -1 -1 -1
-1 -1 37 61 44 -1 -1 -1 78 55 30 82 16 50 30 6 -1 2 16 -1 60 0 60 67
68 8 39 29 78 79 34 62 10 96 37 84 15 28 43 55 65 50 5 23 63 91 3 32
-1 -1 -1 78 86 -1 52 90 84 -1 -1 -1 17 -1 -1 56 -1 -1 -1 -1 -1 33 -1 -1
99 46 57 40 39 33 53 84 -1 43 -1 -1 39 69 -1 -1 -1 36 67 -1 -1 92 -1 76
54 -1 65 61 60 -1 7 43 90 -1 -1 -1 70 72 52 35 27 49 89 81 43 -1 3 54
-1 -1 -1 -1 -1 -1 -1 -1 -1 67 -1 -1 -1 85 -1 -1 -1 -1 -1 -1 -1 -1 55 -1
60 70 62 59 24 30 21 14 97 88 45 -1 77 73 14 29 86 38 -1 53 56 90 -1 34
-1 84 40 -1 -1 -1 -1 -1 -1 -1 -1 59 -1 -1 -1 -1 -1 -1 0 68 12 -1 57 21
9 13 90 38 0 60 19 62 38 71 99 35 10 29 11 26 90 28 58 14 25 94 50 17
86 10 8 9 -1 -1 25 -1 29 -1 86 32 22 -1 97 48 59 63 -1 70 48 43 43 89
-1 -1 -1 -1 -1 -1 -1 52 99 -1 -1 -1 -1 -1 -1 60 -1 -1 -1 -1 -1 -1 -1 21
-1 -1 -1 -1 -1 -1 -1 69 -1 61 -1 42 -1 -1 -1 -1 -1 -1 -1 -1 78 -1 -1 -1
-1 -1 -1 19 -1 -1 -1 69 11 -1 -1 78 -1 -1 -1 21 53 -1 -1 -1 -1 -1 62 -1
51 7 -1 44 -1 -1 71 95 65 41 -1 17 68 6 -1 -1 -1 57 90 10 63 13 68 -1
93 64 -1 93 31 30 57 24 97 35 86 93 77 14 58 -1 94 54 91 19 -1 96 88 -1
65 43 -1 -1 88 9 13 69 25 97 63 19 50 -1 74 5 14 26 85 13 -1 14 64 30
-1 77 45 -1 -1 35 76 -1 9 90 28 -1 18 66 -1 -1 -1 -1 -1 -1 43 65 -1 -1
-1 67 -1 -1 -1 -1 -1 -1 -1 -1 -1 -1 -1 -1 -1 -1 -1 -1 -1 -1 -1 -1 -1 -1
15 16 18 33 30 11 74 61 27 80 68 22 12 55 47 49 79 72 0 34 1 51 77 66
55 46 74 49 57 78 -1 25 69 -1 -1 24 8 -1 -1 4 67 59 -1 12 40 19 65 18
40 15 22 51 -1 74 31 64 76 96 28 38 79 86 12 25 -1 39 70 28 97 27 64 70
71 28 95 6 -1 36 11 -1 90 -1 83 -1 30 -1 68 70 83 36 46 71 44 -1 76 -1
-1 72 -1 -1 -1 -1 -1 -1 -1 -1 -1 -1 58 -1 -1 -1 -1 -1 -1 95 -1 -1 -1 -1
82 77 80 73 57 62 -1 -1 4 -1 67 29 74 98 23 28 80 13 90 -1 -1 28 26 61
-1 56 62 18 1 -1 79 94 -1 64 74 24 71 96 -1 67 13 46 44 50 59 9 88 8
-1 -1 11 -1 -1 -1 19 -1 -1 4 -1 75 -1 -1 11 27 -1 -1 -1 -1 -1 68 -1 17
-1 -1 77 39 39 92 29 -1 -1 -1 -1 76 -1 74 17 26 77 5 79 8 39 44 -1 91
76 62 14 66 96 17 77 -1 1 41 22 0 74 16 43 47 95 29 -1 29 81 34 54 27
30 45 80 48 78 44 50 21 6 7 16 40 61 17 47 59 5 48 52 37 43 37 23 6
-1 4 -1 -1 -1 -1 55 10 76 -1 -1 -1 67 45 -1 -1 -1 60 -1 -1 -1 -1 79 -1
16 75 80 57 5 48 23 26 43 83 92 83 44 19 38 26 35 95 54 98 33 69 14 58
30 -1 81 -1 86 10 -1 52 -1 5 65 -1 41 95 88 51 -1 96 71 80 -1 -1 88 -1
-1 82 -1 -1 -1 -1 -1 -1 -1 -1 -1 -1 -1 -1 -1 -1 -1 -1 -1 -1 -1 -1 -1 -1
53 83 -1 95 72 73 90 56 -1 16 62 98 16 41 63 71 54 89 7 74 39 32 85 22
-1 84 32 39 -1 69 77 41 18 -1 -1 59 71 72 -1 91 -1 66 96 52 -1 41 52 47
-1 -1 85 -1 42 -1 -1 8 -1 5 26 -1 60 -1 -1 -1 -1 -1 -1 94 -1 88 13 -1
2 -1 46 -1 20 99 40 16 63 -1 24 -1 81 0 86 93 99 38 69 35 24 45 38 77
-1 -1 30 60 -1 28 -1 8 -1 60 -1 41 25 -1 -1 21 -1 -1 10 -1 87 20 -1 84
-1 -1 -1 -1 -1 -1 -1 -1 -1 -1 -1 -1 -1 -1 -1 -1 -1 -1 -1 -1 -1 -1 -1 88
-1 -1 -1 -1 10 73 63 -1 -1 22 27 -1 84 -1 -1 -1 -1 82 -1 92 -1 89 -1 27
10 -1 -1 17 -1 -1 90 -1 -1 8 -1 -1 31 -1 -1 -1 -1 5 -1 12 90 96 -1 -1
-1 -1 77 82 -1 91 38 -1 11 33 75 92 -1 5 41 -1 57 24 6 77 -1 2 81 83
51 -1 -1 91 81 40 18 -1 -1 -1 -1 92 88 83 73 -1 3 -1 -1 -1 76 -1 71 61
68 -1 66 93 -1 22 -1 -1 4 -1 -1 -1 -1 -1 -1 -1 -1 -1 -1 31 -1 -1 -1 40
-1 -1 -1 -1 -1 -1 -1 -1 -1 -1 -1 -1 -1 -1 -1 -1 -1 -1 -1 -1 -1 94 -1 -1
69 30 98 -1 57 80 26 76 15 93 10 60 95 34 -1 -1 98 58 80 15 90 95 88 3
83 -1 -1 96 -1 5 65 -1 74 45 28 -1 31 -1 -1 84 -1 50 -1 50 77 11 56 -1
-1 -1 3 65 -1 -1 -1 23 2 -1 -1 -1 92 -1 -1 -1 -1 97 -1 -1 -1 8 -1 -1
-1 -1 15 -1 -1 -1 -1 -1 -1 -1 -1 93 -1 -1 98 9 -1 -1 -1 -1 -1 63 5 -1
-1 58 -1 -1 -1 62 64 19 91 -1 80 99 -1 -1 29 -1 -1 -1 -1 28 -1 50 -1 86
0 83
bbbbbbbbbb