100 24 2
68 0 75 8 62 10 99 57 90 92 39 20 53 37 94 1 7 32 40 38 52 81 19 29
4 14 61 56 49 54 79 86 93 74 50 31 51 76 71 96 64 84 77 2 98 11 95 16
16 62 79 -1 -1 64 87 3 -1 94 -1 -1 -1 79 -1 -1 99 -1 0 -1 2 -1 -1 91
25 18 46 86 2 33 -1 67 65 65 45 9 -1 -1 25 45 87 -1 89 -1 3 23 41 23
-1 4 -1 74 -1 -1 -1 -1 -1 -1 -1 -1 -1 -1 51 94 -1 -1 -1 -1 28 -1 -1 -1
64 5 55 57 12 46 10 4 54 76 81 65 43 81 -1 62 11 90 73 12 50 8 50 32
-1 46 8 45 -1 -1 -1 87 -1 46 -1 -1 -1 -1 0 -1 14 -1 -1 82 -1 -1 70 6
-1 -1 82 32 94 59 66 17 32 -1 3 15 84 -1 73 7 92 90 -1 97 46 -1 52 -1
27 47 3 35 91 70 80 23 33 18 12 48 88 30 87 21 69 42 72 15 65 43 25 78
59 7 78 58 10 -1 9 56 -1 7 46 18 34 62 34 46 -1 69 -1 63 29 62 -1 1
-1 -1 -1 -1 -1 -1 -1 -1 -1 -1 -1 -1 -1 -1 28 -1 -1 10 59 -1 -1 -1 -1 -1
-1 58 -1 -1 -1 -1 99 23 42 35 -1 51 -1 3 -1 53 -1 -1 -1 -1 -1 0 33 11
72 43 4 1 63 5 75 95 -1 -1 89 65 12 89 56 87 -1 94 -1 61 74 87 64 18
-1 78 6 -1 1 81 75 19 -1 12 -1 50 89 34 12 99 13 47 70 16 91 22 -1 57
23 -1 -1 14 14 -1 -1 22 34 -1 35 11 -1 93 36 54 25 -1 -1 39 6 -1 99 80
-1 45 79 54 43 47 71 -1 49 81 2 36 -1 43 87 8 58 75 77 15 60 49 21 22
-1 -1 -1 -1 -1 -1 -1 82 -1 16 -1 87 86 -1 28 6 28 -1 -1 -1 -1 88 48 14
49 74 -1 -1 87 0 -1 -1 -1 -1 89 56 -1 13 -1 -1 7 -1 -1 -1 17 -1 -1 67
-1 18 -1 77 -1 -1 -1 84 -1 -1 -1 42 92 65 -1 50 54 35 4 -1 -1 -1 -1 -1
-1 53 -1 -1 -1 83 -1 -1 -1 -1 -1 62 38 -1 -1 60 -1 -1 -1 78 19 7 43 -1
56 70 -1 91 44 20 -1 -1 -1 41 72 -1 72 29 -1 -1 -1 -1 -1 -1 15 -1 38 -1
24 -1 -1 -1 -1 -1 -1 31 21 -1 -1 -1 -1 -1 -1 -1 86 31 -1 -1 -1 82 -1 49
-1 0 -1 30 -1 -1 -1 -1 -1 90 -1 -1 8 -1 -1 22 -1 -1 -1 -1 -1 -1 -1 -1
-1 -1 13 -1 -1 -1 -1 23 -1 -1 -1 -1 7 -1 -1 -1 -1 -1 -1 -1 -1 -1 -1 -1
25 96 86 6 12 24 42 0 73 83 92 34 -1 25 88 34 -1 24 94 55 -1 5 59 -1
80 -1 -1 -1 -1 -1 -1 -1 -1 20 25 -1 -1 -1 -1 -1 -1 -1 38 -1 -1 9 -1 -1
54 46 83 -1 46 -1 26 99 -1 38 -1 -1 86 20 90 89 53 -1 -1 53 23 -1 -1 -1
80 5 1 49 92 63 27 15 66 3 87 34 73 70 67 44 17 56 49 94 42 -1 69 94
84 86 -1 77 45 5 -1 74 45 38 9 24 28 75 35 -1 -1 28 -1 48 -1 62 36 -1
72 -1 12 0 19 29 35 50 -1 -1 -1 43 -1 77 -1 73 7 77 -1 19 -1 -1 73 17
-1 21 -1 0 0 2 61 -1 89 -1 -1 -1 -1 -1 -1 -1 64 -1 42 17 38 -1 -1 30
-1 -1 -1 -1 -1 -1 31 -1 17 -1 -1 -1 -1 -1 -1 -1 -1 -1 -1 -1 -1 -1 -1 -1
-1 31 70 9 22 99 87 52 55 22 -1 32 -1 13 97 53 55 8 25 4 87 23 27 81
-1 90 35 9 -1 20 14 45 86 15 5 57 -1 -1 80 98 92 -1 90 12 -1 13 33 16
1 -1 -1 38 -1 31 34 99 -1 66 86 52 -1 57 83 -1 5 -1 97 31 -1 99 54 67
68 -1 -1 -1 6 55 35 62 -1 -1 53 35 29 -1 5 -1 53 -1 -1 10 -1 5 64 29
78 7 44 27 76 36 73 72 -1 -1 39 71 40 2 97 28 11 84 25 66 37 28 58 22
51 4 8 63 37 56 49 30 33 63 21 88 77 44 22 30 93 11 92 83 83 89 80 23
-1 90 88 -1 29 -1 38 -1 48 1 -1 82 -1 42 -1 -1 -1 -1 -1 -1 -1 -1 92 -1
-1 39 -1 13 -1 93 -1 -1 -1 -1 -1 -1 -1 -1 -1 -1 96 74 -1 93 85 59 67 -1
-1 61 68 17 -1 8 -1 82 -1 -1 11 76 -1 99 -1 92 -1 -1 53 40 -1 -1 -1 93
-1 -1 -1 80 75 96 5 -1 -1 -1 -1 79 -1 -1 -1 -1 66 -1 41 32 66 -1 -1 41
31 36 42 27 97 -1 7 96 31 77 69 42 70 61 -1 76 81 27 -1 52 31 -1 24 53
64 -1 43 47 62 14 51 13 -1 48 -1 -1 82 25 88 -1 9 -1 -1 -1 16 91 -1 -1
8 95 44 12 62 -1 12 98 -1 80 -1 -1 -1 75 70 -1 29 37 7 84 80 82 98 -1
-1 -1 -1 92 -1 -1 -1 -1 45 -1 -1 -1 -1 -1 -1 -1 -1 -1 -1 -1 -1 -1 -1 -1
-1 -1 -1 -1 -1 -1 -1 -1 -1 -1 -1 72 -1 46 -1 -1 -1 -1 -1 -1 -1 -1 -1 -1
11 -1 -1 -1 -1 95 -1 -1 -1 -1 -1 -1 47 55 -1 -1 -1 -1 -1 13 27 -1 -1 -1
59 66 99 -1 29 73 -1 -1 -1 92 38 80 60 48 30 -1 44 58 79 -1 47 -1 66 -1
-1 -1 29 43 9 -1 0 -1 39 -1 -1 28 -1 -1 -1 -1 -1 89 -1 11 -1 -1 -1 49
50 49 20 89 27 3 54 36 12 16 14 50 73 41 18 52 21 55 24 52 75 83 95 43
-1 69 6 3 -1 29 43 96 -1 86 -1 51 -1 -1 -1 32 -1 10 -1 63 -1 -1 -1 71
52 53 -1 92 -1 -1 -1 -1 -1 34 -1 -1 -1 59 -1 29 -1 -1 71 -1 94 -1 -1 17
-1 -1 1 12 60 57 -1 86 95 -1 13 -1 61 47 -1 -1 -1 26 81 7 -1 70 53 -1
14 67 34 93 12 8 4 -1 0 89 50 88 8 43 60 54 37 4 56 38 41 84 80 39
-1 -1 -1 -1 -1 55 -1 -1 42 -1 -1 -1 -1 -1 81 -1 -1 -1 -1 -1 -1 -1 -1 -1
20 -1 56 93 26 60 -1 -1 43 43 14 69 88 68 49 64 96 -1 -1 -1 -1 -1 -1 59
-1 53 -1 -1 -1 -1 -1 -1 -1 -1 -1 -1 -1 32 11 57 -1 -1 68 90 -1 12 61 -1
85 81 54 81 26 20 34 16 23 58 -1 11 58 90 77 -1 51 16 20 9 63 -1 57 0
-1 -1 -1 59 -1 -1 -1 -1 -1 -1 -1 -1 -1 -1 -1 -1 -1 40 -1 -1 -1 -1 -1 82
29 -1 -1 -1 9 -1 -1 60 48 -1 92 -1 67 88 24 26 97 48 -1 80 -1 48 65 -1
49 -1 35 33 -1 -1 39 -1 18 -1 -1 78 61 -1 87 55 -1 60 -1 11 -1 -1 26 46
25 -1 88 96 -1 12 -1 62 87 -1 4 -1 -1 50 15 -1 57 -1 29 2 65 39 67 58
38 -1 -1 2 -1 70 77 18 84 -1 78 -1 18 -1 40 88 83 -1 63 14 41 -1 -1 -1
64 -1 -1 38 -1 81 51 -1 -1 -1 85 -1 -1 -1 -1 -1 86 -1 -1 -1 -1 -1 61 73
-1 -1 -1 -1 39 -1 65 17 -1 -1 -1 23 28 58 23 -1 14 -1 77 -1 98 -1 -1 -1
-1 21 -1 -1 -1 -1 79 30 -1 -1 -1 -1 -1 -1 -1 65 48 -1 -1 -1 66 -1 -1 -1
98 74 53 -1 44 -1 82 52 -1 7 78 -1 -1 91 71 44 23 -1 36 -1 67 29 24 38
-1 -1 -1 -1 -1 -1 -1 -1 -1 -1 68 -1 -1 -1 -1 -1 -1 -1 -1 -1 -1 -1 -1 -1
-1 6 20 69 -1 22 15 42 -1 36 86 50 20 -1 36 86 -1 60 -1 13 61 13 78 19
-1 11 70 -1 99 56 90 73 -1 87 42 43 -1 -1 -1 -1 -1 -1 -1 -1 -1 -1 -1 -1
0 68 51 9 -1 -1 49 98 11 -1 -1 -1 14 71 98 -1 34 65 -1 18 -1 82 -1 -1
5 33 82 72 42 81 -1 87 75 80 98 52 18 92 76 18 87 -1 50 21 52 -1 50 6
16 -1 -1 73 13 50 -1 -1 3 41 -1 95 98 80 66 78 -1 -1 76 -1 -1 73 58 -1
28 54 56 6 45 43 73 94 46 85 54 45 73 80 57 80 92 74 13 93 49 15 98 18
-1 -1 -1 -1 -1 -1 -1 -1 -1 -1 37 -1 -1 -1 -1 -1 -1 75 -1 54 4 -1 -1 65
-1 -1 -1 42 -1 25 43 -1 -1 99 -1 -1 76 -1 -1 -1 -1 -1 -1 -1 -1 -1 -1 -1
36 40 77 21 79 48 83 79 54 47 77 89 58 77 79 98 44 39 12 -1 22 15 22 92
7 -1 48 95 34 -1 97 90 84 73 95 98 78 6 2 -1 60 20 96 -1 1 -1 -1 30
79 -1 -1 35 -1 -1 -1 17 -1 -1 -1 -1 -1 -1 -1 -1 -1 -1 -1 57 54 -1 94 52
67 55 -1 13 21 66 75 79 63 16 -1 -1 -1 -1 56 50 80 39 93 -1 70 69 40 92
-1 -1 59 -1 68 63 -1 51 7 51 81 77 -1 -1 61 53 85 21 -1 25 1 58 -1 66
30 82 55 0 -1 3 78 -1 97 47 14 74 9 59 41 96 81 -1 17 34 39 -1 8 84
-1 -1 -1 -1 -1 -1 83 -1 -1 -1 -1 -1 47 -1 -1 -1 -1 -1 -1 -1 -1 -1 -1 -1
-1 95 9 84 32 98 64 15 63 73 11 20 4 72 12 27 11 25 77 53 73 23 77 86
23 -1 -1 85 3 78 -1 -1 -1 5 56 56 -1 -1 -1 -1 -1 -1 70 7 0 23 29 -1
-1 -1 -1 -1 -1 -1 -1 -1 -1 -1 -1 -1 -1 -1 -1 -1 -1 -1 -1 -1 86 -1 -1 -1
-1 -1 -1 -1 87 -1 -1 -1 -1 -1 -1 -1 -1 -1 -1 -1 -1 -1 -1 -1 -1 -1 -1 17
72 15 98 -1 19 39 11 75 0 58 0 27 37 70 63 65 54 88 29 88 32 14 72 21
-1 -1 7 -1 -1 80 -1 17 21 89 51 -1 -1 61 52 -1 -1 56 21 15 -1 -1 73 -1
-1 51 -1 -1 -1 48 -1 -1 31 -1 74 67 82 29 -1 -1 54 90 -1 88 -1 -1 -1 -1
-1 20 75 -1 78 -1 -1 64 -1 -1 16 -1 1 -1 -1 -1 65 -1 -1 91 -1 98 91 -1
17 24 22 46 34 41 59 83 5 85 67 66 36 55 28 6 58 44 89 73 45 13 60 82
-1 59 7 5 8 -1 41 78 0 -1 -1 81 -1 37 90 -1 67 15 57 92 37 80 29 93
88 36 94 7 73 98 2 60 62 38 84 73 29 35 45 38 43 70 87 83 82 18 -1 39
-1 -1 -1 -1 -1 95 -1 34 -1 -1 -1 -1 -1 -1 -1 -1 -1 -1 -1 -1 -1 -1 -1 -1
-1 -1 -1 -1 -1 -1 -1 -1 96 -1 -1 -1 -1 -1 -1 -1 -1 -1 -1 -1 -1 -1 -1 -1
55 79 6 61 68 31 71 9 42 93 -1 -1 72 -1 81 76 75 27 97 44 0 28 61 89
1 81 73 71 1 86 98 -1 -1 19 30 89 67 80 46 7 90 45 98 -1 43 86 -1 32
87 -1 48 -1 -1 -1 -1 30 -1 -1 -1 99 -1 -1 84 31 16 67 1 -1 -1 -1 12 52
0 26
bbbbbbbbbbbbbbbbbbbbbbbbbbbbbbbbbbbbbbbbbbbbbbbbbbbbbbbbbbbbbbbbbbbbbbbbbbbbbbbbbbbbbbbbbbbbbbbbbbbb