10 24 2
3 0 8 -1 -1 -1 -1 -1 5 -1 2 -1 9 1 -1 -1 4 -1 7 6 0 -1 -1 -1
1 3 -1 3 9 8 3 -1 -1 -1 7 -1 1 4 8 2 -1 0 5 9 8 -1 1 9
1 -1 4 5 8 -1 0 7 9 8 -1 2 9 -1 5 3 -1 -1 -1 -1 -1 4 -1 -1
0 2 8 6 9 9 9 8 8 -1 0 9 3 7 -1 2 7 8 0 0 0 6 8 8
2 0 -1 4 -1 0 -1 5 9 0 9 4 -1 4 3 -1 7 2 -1 3 6 8 -1 1
-1 2 5 3 7 -1 0 5 9 1 2 8 -1 2 9 -1 4 3 -1 2 -1 -1 -1 -1
-1 -1 -1 6 -1 -1 -1 -1 -1 -1 -1 -1 -1 -1 -1 0 -1 -1 -1 -1 -1 -1 -1 -1
-1 0 -1 -1 0 0 7 -1 -1 7 -1 0 8 9 -1 5 8 2 7 7 3 4 7 7
1 9 6 8 1 4 -1 0 -1 6 1 5 7 4 8 4 5 1 -1 1 7 6 2 -1
6 2 5 0 1 8 -1 2 1 -1 1 -1 -1 9 -1 8 6 -1 5 3 -1 -1 0 6
0 7
bbbbbbbbbb