10 24 2
7 0 -1 4 1 6 3 6 8 5 5 7 5 3 0 -1 9 2 5 -1 -1 8 9 -1
2 -1 -1 3 -1 -1 1 -1 -1 8 -1 -1 -1 -1 -1 -1 -1 -1 -1 -1 1 -1 0 -1
-1 5 -1 -1 3 -1 -1 4 -1 -1 7 3 -1 9 -1 0 -1 2 -1 -1 -1 -1 -1 4
-1 -1 -1 -1 -1 -1 -1 -1 -1 -1 -1 -1 3 -1 -1 -1 -1 -1 -1 -1 -1 -1 -1 -1
5 -1 2 -1 5 -1 -1 -1 -1 -1 -1 -1 5 -1 -1 0 -1 -1 1 1 -1 4 -1 4
-1 -1 -1 1 7 5 -1 -1 -1 7 -1 -1 -1 -1 -1 -1 -1 -1 -1 -1 -1 -1 -1 -1
-1 4 8 6 -1 -1 1 8 -1 -1 1 7 0 -1 6 -1 -1 0 -1 -1 7 -1 -1 2
4 1 -1 9 -1 8 3 7 4 3 6 -1 7 3 0 5 6 5 4 8 -1 9 0 2
9 7 2 2 3 -1 3 9 7 9 8 5 1 -1 0 -1 0 8 7 0 8 4 0 -1
-1 1 2 7 9 7 5 9 9 8 9 -1 9 8 9 9 3 0 6 4 -1 4 1 0
0 9
bbbbbbbbbbbbbbbbbbbbbbbbbbbbbbbbbbbbbbbbbbbbbbbbbbbbbbbbbbbbbbbbbbbbbbbbbbbbbbbbbbbbbbbbbbbbbbbbbbbb